0,1,2,3,4,5,6,7,8,9,10,4,11,12,4,13,14,15,16,11,
12,17,18,8,19,13,20,2,15,21,18,22,17,8,22,0,23,12,8,10,24,13,
1,14,16,25,11,17,26,20,27,28,29,25,16,27,8,15,26,30,14,16,12,3,23,26,1,8,19,31,8,8,
32,3,6,25,4,
33,24,13,17,25,8,8,34,8,5,8,1,29,31,8,1,26,8,20,18,22,8,11,4,6,0,
25,31,25,8,30,21,23,34,15,7,23,30,34,12,25,14,14,33,35,29,30,10,7,26,27,4,20,
34,24,8,20,16,32,21,14,2,33,27,4,0,13,13,25,8,9,2,31,26,36,25,
32,34,18,6,19,29,25,8,
29,35,35,21,
35,25,1,5,20,6,21,31,24,24,8,36,37,14,21,32,28,29,31,5,30,6,30,6,9,35,21,19,9,14,3,1,18,
16,6,30,21,31,37,18,22,25,33,28,19,8,17,8,8,27,29,11,21,35,20,12,27,28,17,30,5,8,1,
24,1,12,3,33,32,30,8,30,8,15,0,37,18,17,17,7,32,26,8,5,
36,4,10,15,22,5,1,12,37,10,12,14,30,25,32,16,16,28,14,37,34,8,
11,22,12,27,23,2,15,8,28,19,8,
16,23,34,30,13,3,32,25,19,34,34,32,10,36,7,28,24,26,17,
2,5,32,20,34,23,2,33,6,21,16,14,19,9,5,11,
17,33,22,26,23,28,17,22,
25,30,12,35,
15,35,31,10,9,32,5,37,22,18,30,8,35,26,7,9,
21,0,32,37,14,28,7,28,35,27,10,21,13,15,12,19,24,25,17,34,9,22,25,6,19,8,10,25,14,29,10,
36,4,1,32,30,13,
8,23,37,30,6,
8,10,30,8,12,12,8,21,23,19,5,3,33,6,8,25,29,35,5,4,18,35,20,0,8,13,33,21,21,21,
4,33,19,32,2,8,28,35,32,3,26,34,17,14,16,22,27,7,29,19,30,4,27,18,14,
37,1,28,24,16,4,0,36,33,3,21,32,8,8,
28,8,35,10,8,12,23,11,35,29,7,32,34,8,9,13,3,30,24,10,22,9,32,6,17,11,5,29,28,37,0,
1,33,19,36,37,3,15,34,7,28,16,18,4,2,3,28,29,8,12,11,20,6,13,
30,29,33,7,4,33,12,37,27,31,6,24,14,22,27,7,13,32,3,23,18,12,12,25,29,3,
7,28,26,32,11,4,1,0,8,26,8,
30,19,28,25,
31,16,33,32,18,12,11,6,8,15,17,18,23,8,25,22,0,26,16,6,3,34,
34,22,11,8,3,37,14,31,9,0,6,28,10,11,14,19,28,16,27,
1,2,27,35,8,6,29,33,4,35,34,22,8,29,5,10,14,0,13,6,
13,8,14,17,24,35,19,24,19,16,24,9,0,26,6,31,
19,23,13,15,32,1,30,28,0,20,28,26,23,22,31,
8,3,5,32,0,12,26,27,15,11,27,8,12,37,5,2,34,1,8,7,11,1,4,17,2,4,
3,11,12,8,17,13,8,33,37,8,
17,11,17,3,15,33,10,25,23,35,25,8,32,3,6,1,36,26,15,7,24,22,10,25,29,25,25,
20,11,9,35,18,9,31,2,24,8,24,4,8,0,19,13,27,18,10,17,17,1,8,7,
2,29,9,35,13,29,28,12,16,29,12,
17,36,29,35,37,24,6,22,24,20,25,6,29,35,26,19,5,3,
12,18,30,13,12,13,9,11,9,12,10,22,37,26,32,24,12,28,28,19,18,8,19,22,33,34,9,32,34,16,10,
7,27,12,32,13,20,12,24,15,5,23,14,25,7,35,19,14,14,7,28,20,8,23,11,29,21,
17,18,15,12,3,19,8,17,23,8,21,6,26,10,15,5,29,32,
23,25,18,6,1,0,1,4,25,8,26,25,8,15,35,4,35,31,1,31,4,8,6,9,
26,2,16,36,14,19,18,24,37,25,27,9,9,29,20,11,11,31,14,34,2,6,
18,8,9,36,28,27,19,37,12,7,15,29,18,14,8,7,3,10,18,4,5,16,21,3,21,34,4,37,12,
13,22,15,35,17,33,22,23,26,33,23,36,5,8,14,22,27,
10,2,4,12,9,28,10,16,36,3,4,30,8,28,18,1,
23,9,5,37,9,31,10,8,1,6,13,8,27,8,8,
37,33,28,13,7,33,10,24,34,0,35,2,6,29,10,24,31,5,21,37,12,8,10,
23,13,23,1,19,29,4,27,21,17,9,27,13,16,28,7,11,
5,7,8,3,25,24,15,20,29,15,20,6,7,26,30,37,36,16,15,10,11,20,15,
7,18,10,35,8,8,13,34,32,24,11,31,12,18,27,12,6,13,37,32,14,13,8,32,
24,6,9,5,31,8,19,3,35,0,11,16,33,36,36,34,21,6,33,16,29,
29,31,31,27,9,25,6,1,16,17,12,0,36,18,11,5,32,31,37,
26,12,16,18,6,21,3,14,32,4,8,27,22,36,26,8,22,23,8,28,13,14,19,5,4,15,26,8,6,33,15,17,
4,21,14,8,20,12,35,26,10,16,33,4,31,24,29,2,35,37,16,25,36,12,3,34,30,24,29,9,4,
28,15,16,26,20,8,4,23,17,18,23,3,29,20,11,3,28,10,2,
5,15,29,20,19,1,23,10,
36,4,32,25,
15,15,26,9,19,12,8,18,23,2,33,36,14,8,19,8,18,18,23,8,12,2,8,17,19,28,17,18,6,16,
0,16,16,25,16,35,2,6,27,10,4,1,31,18,
7,5,8,30,2,16,28,5,22,16,19,20,2,29,8,6,19,8,4,10,
17,12,9,34,13,3,33,12,17,33,20,25,7,31,
17,36,28,3,8,22,22,37,36,23,27,15,19,19,29,17,28,19,13,13,9,17,12,9,
23,0,13,0,28,17,37,13,12,4,33,19,5,29,29,21,4,19,35,22,26,34,11,30,17,17,11,
3,2,0,16,16,22,37,21,5,8,34,36,19,8,32,30,23,4,18,31,31,21,8,31,31,12,2,28,5,2,8,
20,0,37,15,8,21,23,
6,27,29,8,
25,4,8,32,30,19,36,8,25,12,31,7,12,7,36,37,33,
33,37,27,18,4,8,36,2,2,17,21,7,
27,20,23,21,7,16,15,7,10,23,8,26,17,13,27,35,30,25,32,13,1,
8,8,27,0,19,32,4,13,27,13,12,20,36,8,1,35,9,30,28,32,19,11,8,29,10,20,8,16,29,10,
22,35,3,7,34,33,
15,0,25,24,11,24,24,14,36,2,8,21,20,27,14,24,26,34,35,11,31,25,18,9,30,
21,27,21,37,13,4,36,23,16,3,37,
21,36,13,30,9,16,22,30,7,
25,7,3,22,25,7,29,19,15,26,18,28,
4,34,27,9,14,1,18,3,19,12,26,1,29,4,29,8,36,8,11,33,3,2,28,36,7,22,
8,27,6,36,10,0,30,0,20,31,21,
6,30,20,36,33,26,14,19,26,32,36,9,25,21,5,28,24,13,18,25,27,2,
4,8,22,8,25,1,2,34,25,12,35,12,32,18,9,
14,19,28,10,30,24,22,17,7,
10,1,36,2,29,35,30,17,8,13,27,18,34,24,18,24,9,27,25,31,
27,4,9,12,28,35,27,8,20,7,8,1,0,8,16,33,
22,12,9,2,31,8,12,28,27,29,21,9,3,23,22,26,12,28,24,
22,37,26,33,8,19,19,36,36,3,8,36,26,22,9,35,23,9,21,17,24,
9,10,21,31,32,15,9,6,15,10,14,
34,22,22,10,9,
23,37,24,35,28,21,21,11,8,13,4,16,
30,12,2,14,16,32,12,26,8,0,27,
30,6,8,12,8,29,31,18,3,11,9,7,
24,18,8,1,9,13,8,29,14,25,18,8,27,29,2,22,37,26,7,9,5,5,37,8,37,2,22,34,37,24,16,6,
27,15,1,19,12,32,0,32,31,35,2,5,8,9,29,17,1,13,24,3,11,22,14,33,20,37,4,
14,1,24,14,
36,34,37,22,17,20,6,
35,1,10,19,6,6,30,8,
15,32,27,19,10,18,33,8,0,31,10,24,25,34,2,10,4,16,21,19,8,30,
31,24,8,6,8,23,8,13,25,30,11,
7,23,23,8,3,20,20,16,7,7,29,34,19,3,18,9,13,23,16,23,35,
23,3,28,8,8,1,7,29,14,25,
2,5,4,12,35,30,12,
21,25,26,13,4,19,25,25,8,35,3,26,5,22,0,17,10,34,37,1,28,34,0,4,31,20,35,32,27,30,14,
23,27,12,21,30,9,31,33,21,22,18,14,20,1,23,10,6,13,8,
19,23,37,14,17,37,26,20,35,10,6,23,16,8,3,2,0,1,1,17,30,33,13,24,3,26,8,18,37,3,
27,3,32,18,28,8,8,19,8,1,3,9,24,30,36,21,12,16,27,26,4,7,9,
33,4,30,3,29,34,35,37,23,8,17,21,13,30,
29,8,1,8,8,8,22,17,8,17,33,4,25,13,26,32,26,24,
15,23,25,2,29,8,27,13,21,29,1,5,3,31,18,8,8,0,8,3,
36,21,13,8,18,29,6,1,37,29,5,21,17,30,35,11,9,5,
1,10,36,10,23,3,35,0,30,37,37,31,37,36,25,17,8,4,20,33,28,14,20,35,27,30,5,
28,8,34,8,33,21,27,6,6,2,11,4,27,18,26,8,12,10,
18,9,22,9,12,16,19,29,8,11,33,3,36,30,21,25,9,27,27,29,17,22,33,16,25,13,28,32,12,15,18,26,
30,35,31,21,19,15,17,
16,12,8,20,25,23,15,11,37,1,5,37,
33,27,2,18,37,9,1,20,16,6,36,23,8,36,5,30,
30,19,6,29,19,8,5,11,17,15,5,8,20,11,36,4,11,1,36,26,29,20,17,1,14,1,8,21,29,29,10,33,
19,0,35,35,9,25,12,28,27,28,34,8,8,1,3,19,23,16,24,7,5,32,18,17,19,
34,37,8,28,26,12,
9,9,37,25,10,10,17,4,0,31,5,36,18,18,18,26,0,2,4,10,7,17,
32,18,8,18,3,26,32,4,5,14,18,32,26,8,1,3,32,19,13,10,23,18,
8,14,6,19,25,12,31,34,13,22,35,4,37,18,5,1,30,1,21,9,21,19,14,
35,37,19,24,4,20,33,29,34,0,31,25,30,1,20,16,
19,24,26,0,9,2,15,8,14,31,0,32,12,8,14,13,31,11,1,
36,11,8,28,5,31,1,1,26,26,
7,7,29,9,14,36,8,25,30,37,24,29,25,36,33,9,33,6,21,31,35,23,4,14,11,
14,2,16,22,16,13,10,30,2,23,7,9,21,15,2,3,36,31,
34,26,23,11,24,25,37,
23,26,3,36,26,9,12,22,34,19,10,19,35,29,10,25,7,18,18,34,4,
19,10,3,11,2,11,5,36,6,10,8,31,13,2,8,7,14,16,18,30,34,22,3,19,8,17,
15,15,22,29,32,32,3,2,9,11,20,25,33,16,34,13,9,16,26,21,20,
1,13,5,8,21,8,25,35,14,30,18,35,1,22,29,0,28,
33,31,19,8,4,16,17,12,16,8,30,28,18,35,26,9,28,2,26,35,12,26,5,36,18,9,2,
32,37,30,26,27,12,24,28,8,5,13,21,29,20,12,13,8,11,8,23,22,3,27,37,32,17,5,37,11,15,33,
31,27,18,7,28,37,2,8,12,15,2,8,19,23,23,37,34,15,32,18,22,11,35,7,11,35,8,29,26,
36,19,18,8,2,10,33,3,5,7,10,29,
24,36,25,20,7,23,23,33,30,28,9,23,10,35,10,34,27,8,8,5,0,28,16,4,8,32,
15,8,16,20,37,13,8,24,25,20,2,29,6,28,21,25,22,37,14,28,1,
7,23,6,21,19,19,28,5,17,23,22,
30,10,9,5,26,8,
33,7,8,11,4,27,23,16,25,26,
33,0,18,8,18,13,23,31,6,26,13,11,33,
30,10,5,22,11,27,24,7,10,34,25,15,11,8,17,35,10,25,27,34,3,36,22,13,4,1,34,14,5,2,13,11,
33,36,10,17,8,4,5,
1,17,8,27,0,7,16,3,15,3,7,0,4,18,6,4,
8,32,23,1,29,37,8,12,0,14,
22,21,35,21,26,23,20,34,3,8,37,9,25,26,7,34,1,9,31,23,33,24,8,29,4,
27,20,4,13,19,22,0,0,34,8,1,12,1,37,14,37,12,35,7,0,8,1,31,30,13,
16,7,27,27,8,33,37,31,28,22,26,11,10,31,27,29,13,32,33,17,6,32,0,7,8,22,
27,19,22,26,21,14,4,36,31,30,9,18,28,8,17,6,22,6,3,0,31,37,5,24,
26,34,14,31,13,35,24,31,18,15,
6,26,36,9,3,37,0,10,8,27,21,8,31,21,30,6,8,25,23,31,
33,8,37,33,37,30,20,35,5,11,10,8,27,10,22,16,27,36,19,36,23,14,32,17,30,
23,2,32,24,26,
32,29,2,22,12,0,36,35,8,16,29,1,35,8,25,17,23,14,9,16,18,28,8,2,28,2,32,8,27,14,25,30,32,
4,35,8,31,9,32,30,8,36,32,8,17,5,37,12,32,34,10,4,29,33,20,12,0,6,18,
31,2,23,17,33,15,29,31,1,33,15,
30,8,25,23,37,15,36,7,11,16,30,27,
0,25,35,13,20,6,20,23,
1,17,21,8,36,19,25,35,8,0,11,20,29,19,15,23,21,
2,35,23,21,14,21,34,27,9,26,36,2,2,19,34,27,8,11,8,17,14,29,12,20,16,14,17,
35,16,30,1,
4,27,31,21,37,31,18,32,21,5,31,4,5,2,5,32,32,21,32,33,0,29,15,32,8,0,12,19,25,6,
24,8,20,17,36,35,37,1,
36,10,30,31,5,19,34,12,10,8,35,26,32,30,7,36,6,
11,6,11,11,17,11,4,24,37,22,30,14,27,22,7,14,29,
0,4,13,30,
17,15,0,10,30,36,13,13,6,2,8,
7,16,22,4,
33,29,23,14,15,33,8,21,34,34,25,3,36,1,29,9,4,2,7,33,1,37,9,12,19,9,22,
31,11,14,22,4,36,11,15,32,21,8,
8,21,31,31,8,6,32,37,16,14,33,21,22,35,4,5,19,14,29,22,35,25,16,25,37,3,
9,9,13,8,30,12,20,12,5,3,1,0,29,9,32,31,2,31,10,9,29,21,19,7,21,
13,1,16,32,21,35,8,7,25,13,32,34,28,21,2,21,5,15,
19,27,5,13,24,12,28,36,26,3,3,13,21,0,37,34,34,12,0,5,3,30,15,22,11,16,0,
18,13,12,15,27,34,11,27,10,
36,1,5,19,0,32,3,
27,8,25,24,32,27,26,4,3,13,26,16,19,34,29,3,35,2,6,35,29,5,14,35,15,10,6,12,20,0,8,29,
8,34,12,36,0,11,3,4,21,8,25,13,6,15,29,28,3,19,7,12,16,5,6,25,27,22,14,30,8,17,12,15,
8,17,20,17,9,
10,2,13,11,20,24,20,36,33,33,3,0,19,8,11,18,17,19,10,31,34,4,5,14,35,21,
25,32,10,4,9,32,34,35,22,
22,31,16,30,8,29,11,8,7,13,24,26,23,24,1,32,11,31,26,
18,5,3,20,24,28,0,5,9,12,23,8,18,10,17,37,29,36,13,28,23,26,27,15,25,31,17,
9,1,10,2,6,9,25,29,14,33,27,
5,13,21,27,27,30,4,17,12,0,17,29,8,10,24,
19,2,23,15,10,0,4,30,12,14,33,0,3,8,23,36,20,2,0,9,31,31,31,10,24,23,26,20,9,32,12,
9,11,27,33,20,14,17,35,17,8,16,31,30,5,35,22,36,19,14,6,30,7,21,
9,19,16,17,15,27,32,3,7,8,21,8,
18,20,15,8,11,8,20,26,25,1,37,3,25,28,27,32,31,35,18,22,
5,22,5,29,7,17,31,7,5,7,27,15,26,12,7,
14,11,16,28,25,2,32,27,9,19,14,34,
1,37,2,33,27,2,1,28,26,20,30,
27,33,24,28,15,14,
20,5,9,6,28,16,36,16,36,6,4,
16,30,1,4,16,16,8,33,29,21,16,17,14,7,27,2,7,36,
22,34,13,27,10,32,26,36,
33,11,10,28,16,8,7,23,7,9,6,25,19,18,
35,33,10,3,28,2,37,10,24,22,32,8,
4,8,34,36,29,29,13,8,6,20,22,37,0,
11,20,24,16,8,11,29,8,4,21,8,23,7,17,34,20,32,24,14,2,15,13,11,21,29,33,
26,28,5,14,8,31,8,29,23,19,36,8,34,5,27,33,33,26,2,30,25,34,8,4,16,13,
20,8,11,7,4,28,18,0,8,35,5,30,8,3,29,25,36,29,23,31,8,1,33,5,2,28,29,19,4,32,28,7,24,
9,3,9,13,22,20,12,4,0,22,26,34,23,10,5,30,
8,11,37,30,26,21,
35,31,25,11,33,34,24,26,18,4,30,10,30,6,37,27,23,12,
17,2,20,20,
12,31,9,16,34,12,22,12,33,20,35,33,18,33,7,3,8,27,3,17,30,35,8,37,25,31,31,33,33,6,6,11,
29,18,10,35,25,17,13,21,18,10,1,26,9,11,8,35,8,34,33,37,32,21,
17,31,6,10,29,24,30,8,2,19,2,23,13,11,5,33,8,30,6,4,34,13,8,29,31,
26,24,26,8,6,26,33,2,26,0,30,25,12,8,12,16,11,34,11,29,12,7,14,7,22,26,28,15,32,
30,28,7,8,
11,33,14,27,34,8,32,37,16,2,26,
26,34,22,29,14,16,34,16,35,14,20,14,31,23,14,12,11,14,7,31,1,10,3,14,19,13,10,27,28,19,8,
18,12,13,8,12,5,18,6,28,8,28,14,15,8,20,32,8,16,26,35,19,8,1,14,23,22,21,11,4,14,3,
37,35,4,32,13,6,0,8,4,23,14,6,17,8,20,25,32,8,31,0,26,17,14,
22,32,22,8,8,37,
30,26,9,28,36,15,16,23,3,29,30,4,34,33,30,5,31,30,13,8,29,20,21,19,
32,21,20,22,26,25,5,0,18,24,36,34,23,33,26,3,20,14,16,30,10,28,32,18,5,16,
33,31,12,37,34,27,29,37,6,7,34,33,18,3,34,27,8,0,14,34,8,24,27,9,21,11,23,13,36,8,
19,7,10,8,8,29,17,25,16,37,13,8,8,20,
7,26,17,14,2,27,16,18,5,33,14,33,4,21,15,
30,36,13,8,24,23,
20,30,1,0,16,31,22,6,8,33,1,18,18,1,26,21,32,30,
36,26,33,13,33,36,21,32,10,5,22,0,27,36,25,31,5,17,20,11,15,31,25,32,11,25,4,12,9,19,4,35,32,
31,19,23,32,17,14,14,0,1,8,21,8,9,30,19,34,
7,4,11,8,9,8,20,15,
6,30,29,8,24,20,14,0,3,3,3,
22,29,22,6,21,31,1,35,17,9,16,11,3,22,16,8,8,29,
33,23,22,8,25,35,25,13,36,8,12,14,25,14,11,11,33,8,6,33,16,33,17,6,
28,31,14,33,8,11,34,6,35,29,19,8,26,7,12,17,
32,23,3,18,27,33,32,
9,2,12,36,19,5,15,18,8,14,18,31,22,31,10,20,9,0,32,8,27,23,22,14,37,22,35,2,33,8,
26,5,20,9,15,24,23,35,28,9,25,20,0,6,6,8,9,23,2,4,26,5,11,25,25,18,0,22,6,14,19,3,
22,3,6,8,37,13,8,21,29,30,35,17,37,26,2,
37,0,7,20,29,17,13,30,24,8,26,5,31,29,13,8,29,17,35,18,31,28,16,27,37,30,20,25,20,11,9,5,
3,33,15,28,8,29,0,15,2,10,8,24,20,14,28,32,17,35,8,
28,25,0,36,7,23,8,18,9,3,34,13,34,11,24,30,
18,32,3,8,12,11,4,28,17,18,26,12,36,31,24,
5,18,14,8,24,36,37,34,3,3,26,29,
8,5,20,6,15,0,19,0,
7,29,10,8,
0,23,2,15,36,5,6,28,36,10,22,35,26,13,24,26,4,37,16,
11,21,34,31,33,16,27,37,5,33,4,0,1,23,23,10,9,10,11,13,15,34,16,37,
30,32,23,13,36,22,10,28,15,34,4,16,23,14,10,34,19,2,25,7,8,20,9,36,2,29,4,
1,9,8,35,19,7,30,18,
6,9,32,37,
36,22,8,26,17,28,8,37,1,15,28,21,0,30,14,10,
28,30,33,25,27,12,9,29,20,9,15,32,37,4,19,36,17,15,0,
14,0,28,18,17,29,25,25,
26,2,16,0,30,24,4,2,16,31,22,7,13,4,27,26,24,20,15,4,7,27,23,11,21,1,29,6,16,8,6,6,
17,16,8,30,20,10,11,25,0,27,30,33,14,9,0,0,17,36,11,8,21,8,14,9,16,22,33,9,10,0,11,8,28,
37,13,8,29,18,1,2,25,4,24,11,17,
31,13,3,36,35,0,10,5,
29,14,7,2,9,20,4,33,11,
30,24,11,5,8,27,32,25,20,4,26,12,26,17,3,13,10,27,28,31,1,25,31,9,7,25,5,24,18,8,35,9,21,
18,15,33,25,32,37,20,23,5,6,
34,1,23,36,10,30,7,21,10,31,3,5,15,8,35,8,8,27,17,0,8,36,1,14,21,
7,22,23,25,22,6,18,32,7,28,22,0,6,
27,5,33,6,1,17,31,2,14,32,19,23,21,3,11,5,23,34,8,22,11,30,5,16,7,22,18,3,1,9,
23,11,32,10,36,26,20,16,17,19,27,20,3,23,35,32,32,36,23,35,35,17,35,37,10,4,0,13,16,
12,9,37,13,33,25,31,11,29,14,15,26,15,23,28,17,
8,16,36,27,27,15,
8,18,13,8,30,21,28,4,8,18,11,37,10,18,30,
8,4,35,27,27,17,12,36,22,31,2,19,23,0,15,3,
25,24,3,31,9,6,29,27,7,32,
9,33,35,8,25,9,22,19,31,31,26,24,18,8,29,36,6,3,9,18,28,7,14,29,6,
2,7,19,34,30,23,2,30,29,13,26,28,10,12,7,6,13,17,27,13,29,23,8,19,5,
26,8,6,13,36,10,1,8,12,32,9,18,34,24,24,13,18,18,6,16,29,6,32,25,24,8,6,3,35,6,
37,8,18,20,12,17,15,31,31,8,20,7,20,29,24,
17,27,36,4,36,37,8,8,6,23,6,37,19,22,32,18,28,34,16,9,
34,32,24,0,6,8,0,2,8,4,15,17,28,7,28,18,8,0,1,24,6,10,7,21,13,1,4,12,16,
25,27,33,33,9,21,12,8,31,35,5,27,8,28,12,14,23,28,0,7,4,27,18,31,7,3,23,10,13,35,8,
15,34,24,34,14,20,3,
21,21,0,22,34,29,1,2,15,23,20,30,29,7,34,30,34,30,4,36,11,7,9,4,26,0,
11,29,17,23,26,24,9,28,
27,9,37,0,21,29,3,29,30,25,31,15,11,11,23,31,16,3,7,6,18,23,34,20,15,3,33,20,8,
33,12,37,31,26,8,14,35,4,15,4,19,33,2,34,7,14,8,22,
28,23,10,1,21,29,13,11,
12,22,30,11,8,32,21,24,29,36,33,29,25,18,31,21,37,14,16,34,19,
14,1,24,25,9,12,32,10,
3,16,8,18,14,24,34,9,24,33,0,18,19,
5,25,8,23,13,20,8,10,26,8,15,13,2,19,13,7,26,14,24,21,7,23,27,5,19,23,23,
8,18,14,27,5,8,0,33,35,5,25,23,30,5,10,35,19,1,26,16,24,3,5,6,15,22,24,17,30,17,24,10,8,
18,27,0,2,6,3,9,12,1,11,2,33,17,8,8,20,25,34,34,
21,8,15,26,22,35,36,3,2,20,23,23,11,8,26,8,22,
9,2,14,30,34,19,23,7,12,24,6,11,29,12,7,16,
15,20,3,18,18,27,
32,30,12,6,19,28,13,1,9,0,26,
12,8,28,28,24,23,13,21,28,
8,31,4,8,2,34,23,34,27,0,23,31,25,17,28,29,9,36,20,22,16,4,33,
4,34,25,32,33,
35,8,27,12,2,23,20,7,7,15,17,35,
30,35,12,12,18,25,25,32,31,4,27,37,12,37,
31,18,18,8,20,7,1,19,31,13,8,
23,36,7,22,27,1,35,6,
1,2,28,9,23,17,24,9,23,23,31,13,32,34,4,25,24,
2,9,6,28,20,5,15,22,3,9,31,26,
34,7,11,12,
16,4,28,28,14,7,22,3,35,35,11,22,
7,13,9,26,24,22,9,35,7,1,6,27,13,13,30,
35,19,2,11,18,8,2,21,0,
29,35,8,24,17,4,37,34,35,33,8,4,27,25,32,2,31,11,30,25,8,37,5,14,15,1,13,
7,8,6,17,17,15,37,7,10,6,14,14,35,28,6,22,37,10,24,8,12,33,37,36,20,17,36,15,8,
1,8,9,13,27,8,
2,5,37,9,22,19,33,8,36,21,0,26,34,26,7,13,28,17,19,24,8,16,
2,21,13,24,11,12,4,
32,33,36,3,26,31,15,29,8,33,30,8,33,23,1,1,37,2,4,34,19,7,12,10,
28,26,20,0,31,15,36,18,14,16,8,15,18,4,33,26,18,20,12,12,36,14,13,20,
37,3,28,30,18,2,17,6,9,19,37,35,14,7,29,24,31,10,37,0,35,15,12,20,34,29,9,12,16,1,33,
37,21,11,25,26,9,9,15,20,9,22,14,37,
5,23,11,33,19,8,13,16,3,15,34,31,37,
16,1,34,33,14,7,
12,26,26,11,17,19,10,5,18,15,34,30,7,22,34,31,8,35,34,36,
23,25,8,37,4,36,12,24,5,15,37,
18,24,8,16,24,21,22,6,14,36,37,10,17,35,3,31,19,25,7,31,9,29,9,8,26,8,33,33,10,17,
19,31,12,1,1,12,12,27,18,2,
26,2,23,9,3,3,14,21,29,11,23,8,
19,33,15,1,15,4,25,1,4,8,2,
22,7,21,3,19,
22,5,32,20,8,12,23,34,8,15,34,4,35,17,16,19,19,13,0,29,27,33,29,8,28,8,25,8,27,24,10,12,
27,5,8,23,23,30,3,17,35,2,2,4,31,35,30,11,
30,9,8,24,11,25,10,8,36,8,1,19,35,20,37,29,25,26,3,
22,22,29,36,6,21,23,10,10,1,16,8,3,
22,8,1,24,2,10,22,35,19,30,31,6,5,0,16,29,1,5,20,10,19,8,6,28,23,34,33,9,35,0,8,
13,29,8,25,15,37,29,10,17,23,19,35,9,30,22,16,33,33,8,27,32,10,34,9,3,12,18,12,28,2,
37,9,37,14,18,34,18,19,2,34,19,36,28,10,16,35,8,
7,35,17,26,
33,13,5,28,23,17,34,12,7,2,30,36,16,14,6,30,32,27,14,31,27,36,28,23,20,26,8,17,13,
30,23,20,30,2,5,2,13,12,0,24,26,25,17,9,3,0,7,11,3,19,7,
30,30,36,35,35,26,23,6,19,36,9,25,
30,18,27,28,26,2,6,20,2,0,23,25,16,32,36,29,
13,37,28,28,17,2,6,8,22,8,31,34,33,8,20,4,10,12,34,37,16,33,31,14,20,9,37,21,8,30,13,37,
30,5,16,1,25,18,25,0,28,31,14,19,37,19,36,37,33,10,28,10,33,10,9,33,26,29,32,1,
37,12,0,8,5,17,32,0,33,29,8,12,37,11,18,9,9,26,
32,10,34,35,22,23,12,8,9,19,22,30,28,10,5,8,21,3,37,4,5,0,30,22,24,22,
1,22,10,22,23,10,16,16,11,36,29,15,26,29,35,22,11,16,
1,12,18,8,8,11,26,36,32,28,7,7,3,9,8,18,0,
20,16,5,28,12,2,5,30,7,27,3,8,22,19,
23,17,19,33,20,8,13,
7,31,17,9,8,23,8,8,35,0,8,22,13,25,15,
13,25,33,12,18,5,28,9,11,6,14,27,18,1,35,5,5,10,21,1,30,1,19,8,32,11,37,15,
29,19,24,4,4,30,23,2,20,5,
16,29,23,5,31,16,
12,22,1,10,24,10,37,6,10,29,32,36,
29,14,5,0,20,15,23,14,35,37,14,29,6,33,23,25,
5,17,7,0,36,8,19,2,28,7,2,24,22,6,10,18,37,11,24,24,
6,36,9,3,2,8,
6,5,13,20,24,12,25,16,6,25,3,32,8,0,29,2,6,20,9,32,35,8,32,16,16,
37,11,26,24,24,13,3,9,30,4,24,1,25,8,22,29,14,12,18,36,15,
13,9,3,34,
6,32,33,16,17,20,8,37,
27,15,21,10,35,1,24,14,29,17,33,20,2,28,4,36,6,1,20,26,6,11,3,
18,3,29,35,11,3,29,8,21,15,13,25,16,
23,2,25,37,28,27,37,6,7,20,28,12,2,20,36,19,26,34,
9,19,29,0,17,28,19,22,11,14,3,1,13,12,14,8,12,31,37,8,18,10,37,21,35,32,25,12,
12,2,17,5,13,14,31,35,16,33,
8,13,12,8,10,36,8,18,
21,36,22,13,15,0,
10,36,22,8,15,32,4,8,37,26,3,16,33,
8,7,25,27,18,14,10,35,13,8,33,5,
13,19,24,16,8,21,8,9,5,8,17,34,17,37,10,27,15,30,17,11,27,11,
29,24,31,23,29,36,11,2,24,15,4,3,28,33,22,16,33,8,7,0,21,22,22,17,28,13,30,5,3,8,6,15,
30,13,8,36,8,34,20,26,0,
27,24,8,31,4,2,6,0,28,33,36,20,10,24,13,33,8,18,29,27,34,2,14,3,20,29,31,27,16,1,4,10,3,
8,17,20,13,24,5,3,2,7,17,
29,22,15,12,4,8,36,11,9,12,20,13,23,16,36,
1,17,30,3,
33,26,18,9,7,16,28,24,9,7,4,8,23,36,35,23,35,14,
12,32,8,8,15,16,2,9,3,26,
37,6,2,20,16,20,6,31,23,29,9,
17,9,23,13,20,11,13,21,
23,22,21,16,26,27,22,19,
35,31,26,33,24,34,21,27,27,7,30,14,8,18,15,31,19,19,11,34,13,25,15,30,22,
28,32,18,32,5,0,33,7,1,31,8,7,2,35,29,2,27,36,20,5,36,27,0,3,
14,3,33,27,15,8,35,16,35,18,17,20,20,24,1,8,30,12,16,8,21,32,23,24,14,11,6,21,9,
0,29,33,8,30,1,13,35,19,5,11,32,26,27,12,21,15,23,
33,21,23,34,12,5,17,11,23,34,14,8,36,24,25,25,19,5,13,31,
24,21,8,30,12,7,32,30,8,5,11,22,30,12,5,21,6,6,10,8,20,15,
34,34,14,16,35,5,2,26,3,17,25,25,
22,21,3,0,23,23,8,17,17,26,9,37,8,24,
10,10,10,31,24,21,33,12,8,30,28,1,25,4,
14,27,6,14,1,22,5,0,35,27,11,9,18,10,6,12,9,5,9,
15,10,3,20,12,5,4,27,14,12,13,30,25,5,23,1,37,11,9,31,24,6,5,3,34,9,1,23,5,27,8,8,13,
10,13,10,19,15,29,13,5,19,21,0,19,8,29,31,1,8,29,10,23,35,23,35,36,32,19,
15,29,20,32,8,29,5,9,16,33,28,34,33,23,12,37,34,27,36,14,31,5,8,11,16,12,24,34,14,8,8,5,
1,3,1,14,18,28,18,33,3,19,28,6,5,5,8,1,7,11,36,8,35,23,21,36,2,6,16,2,37,8,
9,0,27,3,3,8,13,2,36,0,36,
2,5,3,9,10,25,13,11,14,16,28,8,25,28,34,3,
36,31,13,13,21,3,6,36,26,16,33,27,33,
14,10,20,7,8,23,20,13,25,20,20,7,32,
10,6,34,8,10,0,8,22,3,5,8,31,
37,8,34,33,11,14,10,27,26,8,8,0,8,3,37,24,16,
27,5,26,5,30,33,19,28,11,24,6,6,22,25,19,27,19,20,8,29,11,13,
27,5,35,24,25,8,8,12,0,1,29,3,27,29,34,26,4,6,11,17,33,37,12,
26,8,5,20,7,7,17,25,16,26,13,32,33,24,2,13,18,5,19,19,1,32,
7,26,31,25,24,5,4,
33,8,8,3,12,14,20,10,27,31,3,25,20,28,19,5,16,18,4,18,5,26,35,5,10,31,25,0,0,20,6,32,
7,31,29,4,3,32,33,21,10,6,20,19,15,14,34,29,32,12,32,27,17,36,8,4,17,13,3,8,
2,15,3,8,21,4,7,10,34,28,3,27,20,18,1,8,14,6,8,18,22,26,24,
13,11,23,16,25,31,2,0,6,2,17,21,6,18,26,7,1,5,24,33,35,
19,8,32,35,15,28,12,6,25,31,35,22,7,29,24,12,20,2,26,25,20,16,37,35,8,36,8,
32,23,3,35,23,6,3,14,21,13,2,29,12,18,27,35,6,11,29,35,8,29,12,3,17,24,26,37,
26,4,11,0,33,8,9,1,10,6,27,
0,17,8,35,11,22,11,31,5,1,24,4,35,19,1,27,0,29,1,
30,24,8,8,18,35,17,3,1,13,8,24,10,
8,8,2,37,
26,15,9,37,28,33,
8,12,16,35,30,8,28,25,4,13,
0,34,23,8,10,21,10,24,9,2,15,15,2,19,10,34,36,37,4,20,16,33,19,36,7,
26,24,30,8,8,8,1,25,24,3,7,34,30,24,1,32,2,
13,12,27,4,37,11,14,1,23,21,28,17,8,
12,16,3,14,16,29,
36,5,35,15,8,13,11,0,30,15,9,12,37,27,16,28,25,6,2,
8,37,2,16,23,15,7,18,14,15,14,37,
10,9,8,7,33,36,32,20,4,31,30,6,15,11,23,36,9,5,7,20,23,26,26,18,23,4,18,23,31,24,
23,3,37,23,32,23,29,27,11,8,25,23,13,18,24,15,18,5,32,13,22,0,
22,28,25,18,25,8,16,16,37,8,19,11,8,12,14,7,36,17,7,7,
30,25,3,30,31,2,21,13,15,33,22,19,23,24,1,25,35,8,24,16,34,
8,22,18,3,23,6,0,17,19,35,
21,15,13,16,10,36,17,18,
20,3,12,32,18,7,23,5,20,8,8,3,2,31,2,25,31,8,0,18,7,18,22,5,6,14,32,
30,9,16,2,35,0,29,35,14,11,23,24,10,1,5,21,10,8,22,28,25,4,36,4,19,12,10,16,21,22,
12,16,21,20,16,8,9,20,9,18,27,13,4,15,30,0,10,15,23,
34,4,22,23,32,17,29,34,1,16,7,4,7,10,31,25,8,13,16,12,29,8,9,8,15,14,3,27,35,24,17,20,34,
21,3,27,33,18,36,35,26,25,9,11,
30,30,34,13,30,16,5,31,3,37,32,11,8,14,6,15,24,26,32,21,9,29,16,14,15,1,32,8,3,18,
8,8,19,36,17,12,21,15,28,16,29,7,
1,11,21,36,23,5,21,9,3,
27,26,35,34,28,20,17,8,32,28,31,17,6,33,0,15,5,31,30,6,0,31,35,30,12,8,9,31,
8,36,4,5,31,27,15,14,36,37,30,2,14,36,31,21,36,0,4,25,18,26,
3,1,1,8,8,23,14,14,11,19,3,6,37,2,36,7,26,18,8,34,
19,25,32,8,16,30,3,
4,22,0,9,35,8,32,16,29,10,8,26,20,8,37,
13,4,25,36,22,13,26,27,14,24,15,34,4,18,28,17,22,15,0,4,2,23,14,8,
30,26,25,37,21,3,30,3,36,36,36,35,11,8,29,21,17,1,8,11,9,36,33,37,37,6,27,2,1,
9,27,12,32,
17,27,3,35,13,18,32,2,21,28,11,13,8,13,36,17,27,29,29,32,32,8,6,34,13,4,17,15,20,31,0,
30,18,15,4,8,18,10,21,
14,33,26,35,8,1,6,32,7,8,26,23,30,12,18,8,3,12,19,1,27,33,
24,24,8,31,30,12,16,23,
15,7,33,7,36,35,33,28,8,27,
8,8,35,13,5,20,22,10,7,27,37,35,23,32,24,25,11,18,14,28,20,
2,19,11,21,24,12,4,21,33,13,30,19,36,16,6,17,11,30,1,27,36,10,20,1,25,
25,25,10,24,16,8,24,9,30,6,22,29,21,19,25,25,37,10,22,2,34,16,32,0,23,18,27,
31,1,11,9,28,37,8,8,
25,20,15,0,32,16,14,12,33,23,23,11,5,8,7,8,1,14,17,27,20,12,
37,10,21,3,9,12,16,26,30,18,8,36,9,
17,6,4,22,10,35,9,1,32,28,31,37,30,7,11,32,29,26,8,29,14,0,23,25,4,14,12,8,16,20,22,31,36,
32,35,6,16,24,2,30,35,
16,16,11,31,24,33,4,36,19,19,5,29,19,33,14,31,4,
30,37,6,34,18,22,8,15,2,5,6,13,8,8,2,6,23,28,32,19,8,12,22,10,22,30,2,30,18,
35,16,32,6,14,26,
27,21,12,0,22,25,5,31,18,12,8,7,36,31,19,12,15,28,31,33,28,34,
32,28,3,16,18,35,1,29,29,6,36,16,18,5,24,10,10,26,31,37,8,16,11,31,4,14,
8,14,27,15,15,17,5,12,27,15,20,5,21,37,8,2,14,9,29,33,27,4,37,15,
6,28,8,12,13,7,29,31,8,32,26,0,35,17,
27,26,4,3,23,24,8,36,9,36,32,8,34,16,23,9,8,31,
0,11,36,14,18,20,33,17,19,15,19,6,8,4,19,
12,21,29,18,1,8,10,23,13,33,3,32,37,27,12,3,1,13,9,26,12,36,25,14,18,17,
23,14,33,33,5,21,7,0,5,23,34,34,8,
1,24,10,17,6,12,0,8,6,28,5,7,20,
23,10,10,8,2,23,13,8,7,22,27,17,29,32,8,28,14,29,26,0,5,5,23,33,4,34,33,27,24,14,35,11,
8,29,5,16,0,2,20,33,34,20,14,23,6,12,14,36,3,27,5,1,18,1,26,3,2,30,6,35,13,19,14,21,
17,1,14,14,34,8,5,6,27,19,20,15,28,24,27,34,13,17,22,8,8,32,
18,24,28,13,27,7,31,4,8,15,14,25,11,6,25,26,17,5,35,5,16,
27,19,28,22,36,35,13,25,0,17,32,8,2,12,18,17,23,10,6,35,11,14,19,23,11,11,30,35,13,8,
2,14,15,19,35,3,18,29,10,17,5,19,22,5,35,12,15,14,5,32,3,8,32,15,12,36,22,8,25,35,36,
13,7,34,31,8,11,8,30,29,21,10,1,11,1,7,0,30,4,36,32,18,1,7,14,15,26,8,20,
36,23,0,8,5,16,37,19,11,8,34,33,27,26,0,11,31,8,26,
11,18,3,23,26,36,2,8,31,3,23,15,13,37,25,21,14,0,20,30,33,24,22,7,3,30,2,6,
10,8,32,15,9,9,27,7,13,16,21,3,30,10,34,7,31,30,31,19,
24,2,30,23,11,34,29,13,27,14,18,36,7,10,9,29,20,23,27,21,33,29,29,27,21,
28,8,9,10,31,36,18,2,3,8,21,16,2,9,2,7,27,23,10,35,10,27,24,22,5,31,
8,8,8,25,22,34,0,18,20,15,21,10,31,11,26,19,6,32,12,8,34,32,6,17,20,30,0,32,9,33,
21,9,1,17,5,36,2,17,29,26,6,4,3,13,5,
12,7,25,10,36,20,9,9,4,21,2,37,29,36,36,29,6,8,13,36,15,32,15,23,15,20,29,24,
37,12,25,16,15,0,8,11,21,8,32,8,37,10,7,15,8,2,36,2,34,5,15,30,29,3,
18,25,7,12,29,
23,18,5,20,32,19,26,36,22,34,12,17,18,17,6,4,20,28,3,1,5,10,29,29,32,25,23,7,4,7,1,21,
29,30,17,9,21,7,1,25,24,22,13,8,32,15,10,10,26,36,12,17,11,22,31,37,
6,36,7,35,7,
22,16,34,26,25,7,17,10,16,20,11,33,32,18,17,
8,35,37,18,3,20,8,
35,15,12,11,37,23,27,33,37,8,6,24,3,8,29,2,21,18,24,31,7,35,35,12,
24,13,6,5,29,2,21,30,11,22,25,18,7,20,23,1,19,31,14,5,8,
14,4,26,12,7,14,0,31,
25,8,4,19,37,16,25,24,28,29,0,8,
20,22,34,24,7,31,23,8,1,29,23,2,15,8,
8,14,19,6,3,33,35,
27,37,26,18,24,11,17,2,13,37,25,32,18,13,27,20,15,8,23,35,18,15,36,34,12,20,34,32,8,1,12,34,
21,28,35,30,1,19,14,7,29,25,30,27,19,18,14,30,10,23,
27,33,26,3,8,7,22,30,13,8,14,
27,32,8,31,35,1,18,30,11,10,0,19,8,4,21,
13,31,15,19,10,29,0,32,21,8,1,6,4,7,33,6,21,13,22,33,17,26,26,12,17,22,26,1,1,37,
35,36,20,13,23,22,14,35,13,30,35,13,
7,31,10,36,22,3,23,
20,14,10,5,1,16,29,8,33,37,6,
3,8,13,14,8,27,5,0,8,14,31,19,7,6,22,27,8,3,10,0,
10,4,11,7,14,11,5,8,26,33,33,22,32,15,34,7,8,35,29,31,13,6,
8,22,13,25,36,14,23,3,21,29,19,15,2,10,28,28,20,22,18,0,30,16,25,0,13,16,
20,28,22,13,36,35,34,20,22,3,1,2,0,2,8,8,34,13,29,5,13,21,0,34,0,27,
35,27,21,20,25,12,23,14,18,5,25,21,4,17,17,
26,17,37,14,18,15,14,7,11,32,16,27,29,8,24,7,19,22,26,1,10,27,8,32,9,29,18,5,1,13,3,
21,18,19,14,33,11,19,0,8,5,2,4,19,24,37,8,6,30,0,35,22,35,16,4,3,9,30,15,33,14,14,10,8,
34,31,23,22,23,6,7,34,6,33,5,23,13,32,8,26,11,19,14,34,2,32,19,8,27,8,28,37,
33,4,7,21,5,27,2,24,36,29,5,1,
23,18,37,1,33,16,8,37,0,6,33,5,4,15,34,18,35,35,7,34,34,17,
31,18,2,8,16,4,35,3,5,13,16,26,10,15,16,27,32,8,6,18,29,5,
31,33,24,17,0,11,21,26,24,33,26,22,16,1,8,32,4,37,18,10,30,24,11,6,4,
20,35,36,23,31,13,29,1,26,28,1,9,13,8,27,35,5,17,2,25,2,14,5,19,0,37,27,34,31,4,
8,32,15,37,37,26,37,0,26,9,6,16,25,15,23,11,15,5,21,13,37,1,20,29,30,10,27,
8,22,12,24,8,19,8,22,
37,4,16,12,12,16,29,15,8,22,
18,4,37,35,22,13,35,24,
36,32,29,9,27,15,26,9,18,6,14,37,35,4,32,31,17,
5,17,21,2,13,24,17,0,1,5,35,33,9,29,33,4,6,15,22,
26,10,31,16,32,23,37,13,34,
19,2,23,32,3,29,36,0,12,9,25,28,32,14,5,32,4,21,17,16,34,15,13,14,8,5,32,10,
17,33,30,19,4,13,27,2,6,3,26,9,36,13,17,2,15,24,12,7,34,30,3,1,7,
6,30,28,14,10,6,8,23,34,10,32,22,10,12,26,24,21,25,2,24,4,17,
25,10,35,8,
22,33,25,30,19,30,12,9,22,2,18,7,20,5,14,16,27,8,31,8,19,5,19,12,30,
8,22,25,23,28,31,36,23,35,18,25,23,
32,37,36,15,36,30,8,4,35,16,1,19,20,25,3,8,17,31,27,31,31,
8,29,8,5,29,33,19,0,1,4,22,4,3,35,3,32,13,32,22,11,
8,33,13,2,24,5,24,34,37,30,34,33,1,7,1,5,36,15,7,9,22,23,12,34,9,
8,16,5,28,23,27,37,33,19,33,13,15,28,31,
29,8,4,30,9,16,2,0,8,32,2,
16,9,19,1,3,22,3,34,5,15,12,29,37,16,1,12,9,25,7,11,27,16,17,31,5,15,15,22,30,3,
7,6,20,2,15,36,23,6,29,7,31,13,10,23,29,3,8,27,24,22,18,13,26,29,22,8,10,
29,31,0,37,32,10,8,29,8,18,13,8,30,19,27,22,8,4,
8,11,9,28,5,29,18,11,6,9,30,31,35,19,8,6,37,31,11,5,16,37,0,10,21,11,24,5,27,11,13,
24,15,5,27,7,8,13,36,3,8,28,1,19,20,1,4,30,29,34,24,6,
35,27,12,18,2,21,22,1,25,16,27,3,33,14,32,4,34,
8,34,24,29,11,32,4,3,19,23,26,35,12,37,29,12,4,16,26,13,17,21,17,29,31,8,7,6,30,
10,2,36,23,11,2,28,
21,16,35,8,37,19,24,17,29,37,14,24,16,
30,18,20,30,9,8,15,34,20,8,3,12,25,4,36,
8,29,32,37,11,6,18,21,20,36,13,3,22,6,15,37,8,3,14,2,8,36,
33,34,32,14,12,4,19,15,29,7,8,15,14,30,20,30,15,32,15,17,29,31,12,30,16,3,21,6,19,8,8,26,
36,30,13,14,18,32,33,33,28,17,13,9,4,1,11,5,30,24,7,10,1,21,2,8,33,30,8,31,31,
34,7,25,17,14,20,13,36,10,16,8,4,29,36,35,7,23,9,12,35,21,7,7,8,21,
1,15,8,1,6,33,23,32,28,15,20,15,28,2,24,1,10,7,27,23,18,0,11,15,32,15,13,14,35,26,21,7,
16,19,20,0,8,12,7,32,16,3,34,19,22,35,36,10,
16,36,32,12,22,22,7,23,26,0,37,12,37,33,
24,32,20,14,21,8,9,27,25,13,28,19,15,21,19,34,8,4,0,9,32,
35,21,30,7,33,26,8,4,35,13,23,26,30,8,36,15,36,
4,14,18,8,28,25,28,0,10,8,28,34,25,11,7,15,27,22,35,25,28,8,
34,25,26,8,26,18,34,23,37,18,18,0,28,33,33,21,34,34,19,
15,8,13,5,22,28,37,17,16,29,21,35,8,35,26,8,26,
30,20,10,26,22,12,27,32,
6,19,35,18,10,29,36,8,8,24,16,
19,17,5,2,23,5,31,17,15,8,17,28,36,
24,36,30,18,35,8,8,0,27,4,30,16,27,9,8,9,33,19,15,32,4,36,9,31,35,36,18,23,25,
8,28,29,34,8,35,
19,17,34,11,4,20,8,31,28,8,13,16,8,17,23,10,11,
35,30,17,27,13,17,24,28,31,16,9,32,28,0,26,20,14,2,23,19,
8,17,24,8,8,2,15,37,31,25,15,20,2,3,18,8,8,
11,23,27,30,14,7,23,20,
16,5,17,5,22,34,16,
30,14,7,1,30,13,36,7,21,8,4,31,35,9,37,18,28,28,23,27,3,28,29,23,21,8,25,36,31,32,31,
35,37,32,32,22,30,29,6,15,10,10,33,2,28,37,1,12,35,8,30,5,
11,9,31,15,34,17,4,8,15,13,0,9,15,19,33,18,27,8,18,23,
18,9,0,20,30,26,8,8,19,1,30,6,33,30,1,27,25,22,20,14,9,31,4,14,32,32,2,15,10,33,
34,11,1,30,24,34,20,9,27,8,22,21,2,6,17,9,9,32,8,
19,22,6,8,26,6,24,16,10,30,23,35,
21,28,18,10,33,
29,10,12,17,12,30,8,24,12,32,22,34,23,28,25,5,13,6,15,35,7,0,33,
10,11,37,27,
19,0,35,8,24,37,13,27,8,8,19,8,20,8,21,1,7,37,8,34,5,12,18,32,0,1,
31,14,28,8,34,6,0,32,20,1,24,29,8,21,20,
24,32,14,37,8,1,5,22,9,5,32,7,5,31,16,0,7,16,25,27,3,17,25,28,24,6,27,
17,18,18,19,0,25,
27,19,11,35,4,21,22,34,33,27,
33,34,30,8,8,23,30,4,20,9,14,35,31,25,17,12,28,
1,22,20,30,37,12,14,9,23,8,26,0,3,20,
31,19,8,2,19,26,26,35,17,25,8,8,31,21,28,13,34,37,19,6,18,8,3,13,20,20,37,4,2,1,14,12,1,
20,10,35,8,12,32,31,21,29,23,34,11,33,11,0,18,7,1,21,10,
16,8,18,13,8,37,35,29,1,20,34,12,35,7,5,4,5,19,31,
21,20,4,32,2,30,33,20,18,8,17,25,31,10,0,2,31,
8,34,36,29,18,11,33,34,23,30,8,13,34,31,25,3,26,14,10,30,15,18,2,27,7,19,37,
18,8,21,9,12,16,23,32,37,2,5,36,8,20,18,8,11,30,29,8,20,17,12,
8,18,12,9,34,17,23,5,37,31,14,7,35,3,6,12,6,17,16,25,28,17,29,3,1,8,5,32,5,15,22,32,1,
8,2,23,26,16,35,0,33,3,30,37,25,29,13,23,19,12,8,8,10,36,36,13,19,30,20,8,9,8,37,22,
8,33,2,7,24,30,24,30,37,12,21,8,35,16,13,19,13,29,30,8,37,4,28,0,3,
6,7,6,2,36,9,36,16,19,7,19,7,14,31,11,35,35,30,13,10,17,23,14,20,22,26,29,17,37,11,15,
2,14,34,31,24,29,21,15,28,16,8,3,33,23,6,6,8,11,14,27,26,8,14,18,22,8,17,2,
13,12,25,31,13,34,23,13,18,18,21,25,21,31,26,19,15,22,21,11,10,26,18,8,15,8,8,2,34,1,9,17,
12,11,0,12,23,32,9,1,
14,18,19,37,18,11,37,37,14,17,18,28,34,20,8,20,13,10,24,8,8,2,13,8,16,26,31,3,0,11,29,8,
7,28,31,7,3,4,3,5,13,0,2,19,13,30,26,22,18,21,11,36,8,29,
34,32,9,7,25,0,15,21,25,36,21,32,8,20,7,34,15,16,
21,0,19,6,5,1,5,8,37,36,24,18,11,30,31,21,8,
20,34,5,15,15,25,29,35,9,30,
5,36,6,20,11,31,22,34,13,18,33,21,35,3,25,15,28,11,5,7,17,34,
8,16,27,15,25,13,12,1,8,2,24,31,33,37,7,15,10,4,25,
16,11,22,4,15,36,23,25,19,30,21,22,8,4,18,31,9,37,34,2,8,2,27,10,36,1,23,8,8,19,
10,12,36,6,0,16,20,6,14,23,25,32,8,27,9,19,30,20,8,0,13,10,6,21,1,31,28,7,
32,11,22,12,2,14,12,8,34,20,29,23,9,34,8,20,10,23,31,2,11,
20,36,13,13,3,3,8,34,18,19,13,8,5,11,24,5,18,2,27,21,4,17,36,30,26,
23,19,20,24,0,34,13,6,26,34,12,37,2,29,33,10,31,3,19,3,8,10,13,6,13,34,33,19,36,28,33,19,9,
17,30,21,18,9,29,13,15,22,30,
29,19,18,37,8,10,21,6,20,9,4,8,4,6,25,
3,23,5,0,36,37,11,14,4,14,36,2,21,8,9,8,0,
23,33,13,32,8,4,11,4,5,31,27,0,5,15,1,
8,33,9,3,21,16,3,13,15,8,3,13,30,30,10,20,18,31,31,33,6,32,23,34,23,25,18,12,34,16,
1,15,27,24,13,31,5,31,9,33,5,16,29,21,16,6,36,20,15,10,23,28,23,17,8,26,10,
8,14,12,37,31,23,24,7,26,
29,19,28,27,2,35,17,8,3,36,8,9,34,12,3,3,30,11,13,35,
8,1,1,23,8,30,18,12,8,26,13,7,10,25,20,34,21,34,3,4,30,18,8,5,32,13,26,8,4,13,
22,18,23,1,15,27,
16,21,32,28,3,22,13,
18,13,19,36,24,36,34,5,25,17,6,14,17,4,16,29,12,7,
2,29,2,3,31,25,6,
32,23,10,6,27,6,16,29,8,32,18,34,10,22,35,15,16,17,26,8,18,33,37,12,16,11,23,11,27,
20,20,3,3,21,10,17,17,14,17,26,20,18,4,
20,35,8,8,11,20,5,2,35,31,13,7,22,8,19,6,23,
18,17,2,34,16,36,0,23,1,1,23,11,9,10,32,
24,23,27,33,13,30,24,19,1,16,
11,37,24,14,12,7,15,37,4,33,18,
11,12,17,20,37,29,18,31,5,35,0,23,17,17,21,0,3,2,8,8,10,29,24,8,13,
4,24,4,10,26,20,36,32,29,8,5,29,9,4,8,27,21,31,23,34,15,
15,8,12,3,20,32,19,33,15,18,10,16,33,11,14,20,37,2,22,21,11,35,8,4,37,33,10,6,4,
20,16,25,9,15,7,16,18,33,34,30,6,17,16,6,32,36,28,6,20,37,18,1,33,14,32,24,24,33,8,
6,16,20,15,30,29,16,33,8,34,29,6,31,18,11,22,3,26,21,4,8,
10,13,14,14,20,25,14,26,22,5,5,27,18,11,16,0,6,19,5,35,25,26,25,6,26,24,32,
23,36,0,26,21,17,37,26,26,26,23,29,28,27,8,36,
20,13,0,6,27,4,22,14,20,31,30,18,0,29,22,6,3,21,
9,34,35,16,26,6,14,8,8,5,32,10,8,11,8,8,18,0,23,33,27,37,2,31,29,10,14,15,19,4,
17,0,12,12,21,32,
2,20,28,6,5,22,5,13,12,37,26,11,5,27,8,5,30,33,34,2,10,27,
17,10,3,28,26,10,2,8,9,27,33,16,27,7,18,17,8,2,19,0,37,35,27,12,36,33,8,16,14,
33,37,14,5,10,34,0,8,29,6,21,14,32,6,11,16,23,21,35,16,17,30,10,17,6,3,25,8,28,8,8,16,
20,4,18,3,
27,35,20,29,8,29,22,34,33,6,37,28,21,27,4,29,25,19,11,18,29,14,23,3,33,28,15,21,37,5,28,
11,0,37,32,22,28,19,6,37,1,22,7,14,7,13,21,
8,13,29,3,37,5,6,20,23,15,20,1,33,4,2,
32,16,9,36,28,17,
3,2,34,17,20,34,30,27,18,29,7,18,8,
18,21,14,34,6,7,16,35,10,
26,13,21,1,24,6,0,9,0,24,30,11,32,37,8,20,8,2,12,13,
35,29,6,30,36,19,15,13,15,30,13,6,33,8,22,8,19,1,7,15,24,2,31,21,8,37,1,
12,8,7,8,20,21,3,6,9,
22,8,23,9,28,12,9,9,15,1,37,3,8,8,31,2,16,35,29,8,31,21,
26,29,36,14,2,
13,0,29,8,26,14,23,18,21,36,33,29,30,6,12,2,29,3,5,37,16,10,37,11,1,9,22,35,27,23,8,22,
0,2,19,36,33,37,25,8,11,16,8,21,16,21,7,4,13,21,10,2,34,10,3,20,33,37,7,2,31,
5,28,9,14,11,25,22,4,25,7,36,
3,25,12,7,26,14,12,7,8,27,29,3,26,19,2,2,27,37,22,6,28,32,14,3,11,32,15,
12,8,29,21,10,4,34,36,31,3,13,19,27,32,35,11,18,12,14,1,34,20,21,9,
32,8,25,13,12,27,2,14,8,27,18,23,26,26,31,8,9,4,27,36,12,15,6,5,18,14,23,11,13,
9,7,8,20,34,34,26,
11,15,8,8,24,5,4,10,2,16,28,9,22,12,1,32,24,12,29,21,19,26,29,26,32,
8,1,13,2,19,30,30,2,29,29,29,22,7,24,27,5,0,22,37,7,10,16,32,24,34,27,
8,0,1,15,2,31,9,34,4,17,11,31,
25,1,1,4,2,9,8,
24,8,35,27,35,11,25,24,7,13,28,16,25,16,30,12,3,6,26,7,22,25,12,
14,28,27,7,30,34,13,7,36,20,35,7,1,13,6,9,2,10,18,21,8,22,31,31,10,33,26,
31,15,17,7,34,32,36,13,8,20,15,12,12,11,16,
30,9,18,25,19,0,30,19,21,14,
22,5,1,1,14,9,8,32,8,32,27,15,29,2,26,12,7,16,14,30,5,17,
10,2,18,4,8,34,21,26,9,30,23,5,8,35,19,10,34,20,8,11,26,8,5,28,35,24,15,
24,14,26,36,6,21,31,24,30,8,20,8,7,26,8,20,9,
18,37,4,12,10,8,36,37,24,8,36,0,28,5,5,22,14,
8,32,9,31,
15,23,31,19,8,35,8,32,30,10,3,0,30,2,
15,21,14,8,36,8,13,11,17,32,35,20,30,35,13,31,31,8,29,8,27,31,14,30,2,34,32,35,34,
20,19,21,33,34,21,14,8,9,23,25,8,4,27,13,8,28,20,
37,5,27,34,13,9,11,16,29,30,15,21,9,32,1,26,20,29,8,31,27,12,
28,27,13,6,11,12,35,
26,34,7,30,33,6,2,16,8,11,11,15,8,0,17,8,17,6,31,24,14,17,3,1,30,12,8,12,22,
31,29,21,32,23,7,37,35,21,18,16,6,36,4,36,8,19,4,34,11,8,8,0,8,33,
3,21,21,31,17,15,13,32,26,6,
23,12,14,9,20,4,28,21,27,10,33,1,20,22,27,27,16,13,
27,29,16,12,0,31,18,37,
21,19,29,19,31,30,16,8,21,
37,32,8,3,17,8,25,27,1,31,7,32,26,37,19,18,29,0,29,10,1,33,16,3,22,13,28,
4,18,15,8,7,31,6,2,20,26,18,6,15,8,24,19,25,30,
7,2,37,10,32,6,30,18,6,30,25,6,35,18,23,19,8,7,11,16,28,3,
16,14,21,8,22,0,8,27,16,9,29,26,28,7,7,31,22,36,30,10,9,31,28,28,30,27,14,
3,9,25,5,3,8,36,24,29,31,5,31,4,29,20,12,8,1,37,4,14,6,8,8,8,32,7,8,24,
27,15,6,20,2,25,25,23,35,
12,5,6,17,12,4,1,12,8,15,25,26,5,13,19,33,29,15,1,35,0,21,28,14,33,27,36,8,35,35,12,
3,37,9,17,21,28,8,35,8,34,
30,0,13,34,23,17,9,6,9,30,8,0,13,20,10,27,32,28,25,36,15,26,10,8,30,32,35,33,15,
16,22,3,7,
29,2,1,19,19,20,17,11,10,7,29,2,3,2,
26,22,20,36,30,16,23,17,
22,9,25,32,14,35,24,8,23,32,15,4,15,7,9,24,26,2,30,13,28,15,1,23,35,34,3,26,36,
2,7,34,14,11,25,32,32,16,31,7,7,25,8,34,3,34,18,7,5,
12,34,24,13,34,3,26,28,15,
31,15,14,33,9,15,32,29,29,30,15,28,29,8,26,8,8,7,26,19,6,8,
37,7,12,0,12,4,34,24,10,3,8,8,6,
27,5,10,20,22,31,14,8,10,33,24,28,24,12,22,9,31,36,35,17,3,
20,36,24,18,24,31,13,6,4,12,4,4,29,37,24,14,7,29,16,6,21,19,15,33,
25,34,20,36,3,15,30,7,24,20,35,33,6,21,26,30,6,24,35,37,24,8,26,18,22,21,
12,10,22,21,20,5,14,3,14,25,12,11,
31,14,7,19,11,0,37,14,35,6,
33,25,32,12,23,0,6,8,16,37,13,8,16,11,12,31,0,12,21,19,29,31,28,37,15,31,3,32,10,12,9,30,
27,29,16,23,9,20,13,15,10,0,32,6,21,7,4,8,1,7,18,
8,19,8,13,11,25,10,33,36,36,21,17,7,3,22,16,31,8,4,2,28,34,30,20,8,12,29,
32,1,20,33,23,16,10,24,13,29,11,4,17,24,
14,8,1,19,29,23,22,9,27,17,21,6,8,30,8,2,14,11,13,
23,13,19,34,30,19,23,2,22,24,10,18,2,9,22,
9,8,6,5,
33,19,31,5,27,15,21,24,7,
36,6,31,11,33,33,8,28,28,27,30,16,5,6,32,5,21,34,18,21,22,19,
1,15,10,3,16,15,8,1,21,22,17,7,35,1,24,32,2,35,
13,8,14,0,15,11,18,13,26,19,7,28,7,20,0,8,29,37,37,17,28,29,8,29,1,17,
14,20,6,14,29,0,18,14,25,32,32,22,14,30,25,34,2,19,18,8,26,31,25,11,32,3,34,26,
8,27,4,34,3,10,9,21,28,15,23,16,18,8,14,36,18,23,25,35,14,19,2,8,17,26,7,1,8,30,17,
8,26,8,34,34,15,36,7,2,10,0,32,5,12,13,10,34,15,25,32,6,2,23,2,11,
26,23,14,2,22,28,29,14,30,11,36,2,11,22,0,35,32,19,6,37,36,28,22,10,
27,24,3,29,34,
11,28,0,4,5,0,1,7,11,29,15,32,26,0,7,0,8,24,
5,15,8,25,3,19,2,37,32,31,0,24,19,31,28,6,29,5,26,1,27,26,12,0,17,11,26,5,31,18,21,
11,13,14,16,29,15,35,8,6,10,23,34,9,8,21,17,8,20,16,24,20,33,36,9,8,29,23,37,24,6,14,10,5,
13,29,2,20,24,10,36,19,16,0,13,11,29,1,35,36,10,0,35,13,23,0,
10,19,28,18,4,21,21,8,27,29,14,32,26,23,31,23,14,32,18,16,8,
5,16,20,6,5,14,3,22,9,9,16,30,29,20,8,34,8,10,25,36,17,
17,24,33,0,8,5,33,23,37,8,8,8,17,35,25,
10,29,2,10,8,11,16,8,19,34,31,18,11,16,0,6,33,4,26,23,
24,6,11,8,29,0,32,32,7,11,32,10,31,28,11,2,24,11,11,
30,33,24,35,30,37,27,36,32,3,2,
22,15,9,27,27,20,33,10,26,11,23,5,8,1,21,18,23,18,5,13,25,35,27,2,29,
4,18,23,3,19,32,22,26,3,34,21,23,20,
25,33,1,5,21,23,32,20,12,22,1,14,28,
8,36,19,8,19,25,36,3,8,30,15,10,8,8,
35,21,25,8,19,
8,5,6,28,9,8,5,28,
5,20,14,14,33,16,10,2,22,14,30,14,25,14,13,8,8,21,22,8,31,12,18,0,22,22,21,33,8,14,32,21,33,
8,35,35,8,31,32,14,7,24,29,
22,25,4,15,7,10,33,16,22,22,8,6,
28,7,15,8,31,30,33,10,37,28,11,27,24,30,10,17,25,
37,0,29,8,9,23,36,20,4,11,35,32,21,24,8,24,29,10,24,37,13,35,28,9,0,5,5,30,
31,0,7,25,31,18,
20,35,8,6,20,22,28,33,31,0,8,2,8,20,3,23,1,33,31,17,19,8,30,23,22,22,9,15,26,
19,8,23,16,1,18,15,19,24,23,4,8,2,6,14,25,37,19,35,0,8,18,20,15,27,
25,7,1,32,6,0,25,2,34,11,3,3,1,12,11,22,33,22,25,3,18,18,13,24,35,36,37,
5,13,4,27,17,18,37,4,14,28,10,19,25,26,35,13,2,4,24,7,26,4,35,6,21,33,27,12,26,13,0,
34,33,16,26,28,22,4,10,10,25,3,
21,6,37,20,9,4,34,25,31,21,10,3,4,16,24,3,34,21,22,6,4,34,10,33,8,8,21,17,23,11,33,21,12,
16,12,33,30,35,18,6,11,17,15,35,31,37,35,
31,17,0,37,8,28,4,
16,21,8,35,20,34,15,29,2,20,29,31,
21,31,23,8,8,22,31,6,29,31,24,24,25,6,30,
28,37,11,22,11,23,26,17,29,18,29,19,16,28,29,0,3,3,9,32,32,33,30,35,8,
14,22,1,35,10,23,29,
31,28,20,3,26,20,16,4,27,4,29,16,29,11,22,14,32,35,36,6,32,18,15,8,28,11,0,24,
4,26,11,6,32,18,
9,26,36,29,12,0,16,11,
34,33,32,20,33,17,13,31,8,13,11,5,1,34,8,8,2,9,36,10,0,19,32,8,27,11,0,26,30,8,
22,2,9,29,10,25,1,19,21,5,33,35,1,7,
32,16,21,33,
34,10,1,6,12,1,18,17,37,37,0,4,33,22,17,6,30,36,34,17,33,15,30,30,37,25,34,10,32,0,
27,8,6,36,3,36,18,23,11,
6,8,29,8,37,25,8,25,12,28,8,10,1,22,31,6,32,21,37,0,11,14,1,12,18,5,33,8,5,8,
23,14,19,22,5,30,4,36,30,0,30,5,29,
15,1,0,8,36,34,30,31,18,9,22,34,8,23,8,19,10,19,3,8,26,8,2,26,
36,17,8,21,30,5,15,10,15,4,
36,9,4,8,11,18,8,22,11,31,15,1,0,6,7,7,21,25,23,10,13,16,
33,1,5,35,18,13,
25,14,32,25,31,9,12,24,6,18,18,31,3,26,12,16,4,1,6,22,7,2,8,15,19,
16,2,5,32,11,35,19,7,8,10,36,1,24,28,21,26,3,
7,30,16,8,1,22,16,9,10,1,
35,2,16,28,34,36,2,23,13,20,34,24,0,22,36,3,8,7,37,1,21,23,16,6,25,12,3,19,4,9,
18,8,5,10,13,21,12,5,26,28,18,0,37,25,14,23,6,12,6,17,
11,9,24,36,29,9,0,7,37,20,7,37,25,19,30,6,8,7,30,27,5,22,26,
21,24,12,7,21,7,32,9,28,13,34,8,14,14,
37,11,14,25,10,7,27,7,0,6,32,26,7,14,31,28,28,4,7,30,9,11,27,34,0,6,35,10,12,14,8,25,
3,18,5,8,22,14,17,8,21,6,
8,15,5,21,34,37,1,35,22,16,14,29,4,22,8,8,14,31,28,1,37,8,
33,16,9,25,9,24,15,34,
8,11,31,14,35,24,2,2,22,5,8,36,36,27,20,29,
15,2,26,25,10,13,4,10,17,33,32,11,27,31,32,17,14,27,26,24,5,32,6,9,9,
20,4,8,8,5,27,2,19,15,34,31,7,5,2,37,12,7,4,2,19,8,36,1,14,37,10,17,
15,37,19,22,30,17,34,1,1,18,19,3,24,11,8,28,34,37,35,18,25,35,22,22,28,9,1,8,11,14,
11,24,27,24,2,8,0,32,36,35,28,29,21,23,18,24,18,33,8,8,24,4,9,36,4,9,1,31,
28,17,6,8,10,25,12,2,34,12,8,16,37,7,36,19,5,34,26,11,1,0,35,
33,32,32,13,0,30,25,16,
12,5,19,29,11,36,3,
32,23,0,8,17,17,18,3,35,17,8,7,22,28,3,36,2,30,35,25,20,26,32,10,8,
25,32,5,5,14,8,31,4,1,24,17,28,
20,24,20,26,9,29,36,
30,25,13,26,28,9,2,26,37,20,24,36,15,26,26,14,25,21,18,15,24,29,30,11,21,29,2,34,8,
0,20,31,21,14,29,0,5,14,25,37,8,37,23,8,9,3,36,
15,33,8,1,0,0,5,36,2,2,21,5,1,16,
3,2,18,14,8,36,
36,0,23,25,21,0,18,9,8,37,19,6,31,15,8,29,7,18,11,20,2,11,12,25,34,5,20,17,0,
16,28,0,23,36,33,
16,33,14,18,36,14,31,21,10,34,8,21,8,29,23,33,11,32,31,26,12,0,36,
27,33,35,12,29,34,8,10,7,25,14,4,5,6,33,8,15,32,8,30,31,24,7,
8,14,32,11,15,10,8,30,1,29,21,24,23,3,0,4,25,
22,31,36,33,29,27,9,18,27,1,24,9,
8,0,25,6,20,14,2,18,32,6,0,23,14,1,17,4,0,6,15,31,23,35,8,
34,24,32,0,29,22,3,20,0,35,34,22,10,34,22,18,8,34,24,7,35,5,4,33,35,7,2,8,
25,0,7,27,24,25,16,29,19,22,12,35,
31,29,14,14,8,23,25,24,23,25,28,32,4,4,
35,36,20,8,18,8,10,28,27,
31,28,0,28,8,13,13,29,37,26,22,20,7,19,21,
10,32,5,3,11,0,4,23,26,13,23,7,27,8,32,20,8,37,0,3,13,14,34,15,25,29,28,10,21,7,4,17,
14,29,27,32,20,21,8,16,
31,32,24,6,36,34,19,9,1,28,2,34,10,26,8,8,8,15,27,36,33,31,3,15,17,16,3,0,0,6,16,
6,9,8,33,0,34,25,22,5,32,11,17,19,26,33,27,2,20,24,34,
24,36,7,7,13,17,19,22,24,21,2,30,
1,17,32,8,27,25,13,13,13,5,9,33,
24,22,34,26,30,20,25,7,31,16,24,
31,0,33,9,5,8,27,22,
17,34,17,3,25,20,2,22,23,35,3,
21,6,18,3,21,33,7,11,25,13,1,0,30,
25,33,33,15,8,31,24,32,29,37,
14,2,14,8,31,34,1,27,24,18,8,1,35,27,
29,1,27,4,3,16,4,15,
26,3,8,18,7,24,13,27,31,11,32,19,25,25,10,33,13,21,14,31,33,30,31,36,
26,15,8,36,8,27,26,10,35,12,11,8,33,8,
8,31,26,30,13,7,29,30,8,18,2,8,10,1,1,32,27,31,25,7,21,3,18,8,12,12,4,24,12,
4,31,32,26,32,12,37,17,18,7,32,7,20,21,35,18,23,6,15,
20,15,28,18,31,30,16,16,35,24,2,30,33,4,13,27,
26,26,15,32,29,14,15,30,4,30,17,36,30,4,19,25,7,11,19,35,36,18,31,8,26,
8,7,33,36,4,11,28,
20,25,31,33,5,33,2,22,0,3,30,20,20,10,33,3,24,12,8,11,12,21,
22,20,34,5,3,34,14,21,4,30,27,7,24,1,27,11,8,26,23,32,8,36,17,21,8,6,4,24,31,
2,16,13,34,33,32,29,21,17,37,22,24,33,12,31,1,11,35,27,11,5,
3,6,8,37,25,2,23,5,27,34,4,1,35,20,8,22,34,19,24,25,2,14,8,7,31,6,30,34,6,7,27,
18,20,26,32,14,37,31,5,7,32,15,8,14,23,21,20,33,26,16,20,6,37,26,9,6,8,
5,8,10,25,19,25,20,7,13,11,15,16,15,34,32,32,15,5,31,29,36,35,5,16,26,7,
34,20,5,16,18,2,13,21,9,35,27,13,34,9,24,6,36,36,33,
0,32,6,27,6,16,10,8,16,35,8,32,8,6,29,21,36,6,4,6,7,0,0,12,36,4,
1,25,27,20,2,34,32,37,37,27,21,26,17,5,2,8,8,3,2,9,25,34,
14,8,21,8,36,14,2,
29,21,29,8,0,20,18,37,21,11,4,4,0,37,14,33,23,30,3,23,
11,8,0,15,36,12,11,7,28,35,34,23,34,24,9,6,36,28,18,34,4,29,
34,9,4,37,22,17,25,35,15,6,18,9,36,33,14,26,8,2,8,
8,30,12,9,15,30,2,10,30,34,9,29,16,25,12,37,0,20,25,23,36,19,
25,18,20,33,16,10,13,19,27,6,10,31,10,33,31,21,27,5,16,23,36,35,37,12,
8,37,6,35,28,0,32,8,16,32,9,24,24,10,16,19,25,27,27,35,34,36,24,37,10,36,18,6,
9,25,19,6,17,27,8,34,18,25,31,28,
14,31,30,13,25,4,8,15,15,9,0,8,20,19,23,26,19,3,23,
2,17,14,12,7,27,13,27,12,3,11,13,24,4,1,32,23,20,32,15,2,0,
12,32,8,34,8,0,6,15,4,12,31,23,8,8,10,34,11,0,8,
12,20,27,22,10,29,24,19,10,34,14,8,27,28,7,29,22,8,8,25,19,19,3,4,12,13,17,4,4,19,0,
29,20,9,25,20,21,2,15,30,10,24,29,6,15,32,35,19,27,30,25,5,6,19,23,28,27,34,26,
23,35,14,37,9,18,19,1,
0,16,8,25,4,30,27,15,20,31,24,
14,18,6,21,5,1,15,0,19,35,10,8,25,0,36,31,35,32,
4,28,0,18,7,3,29,37,27,
29,7,30,19,4,30,8,11,22,0,3,29,11,31,37,25,27,27,24,22,3,
28,12,29,34,11,10,24,24,8,37,17,
8,21,31,25,4,4,18,
28,14,0,20,2,29,11,9,28,16,14,26,32,21,35,19,8,8,7,20,
11,8,4,31,24,35,19,21,29,29,21,20,19,8,33,8,0,26,33,11,1,8,0,
3,23,11,36,25,3,31,16,22,31,34,8,13,29,16,27,19,3,25,3,
15,1,21,22,36,22,31,31,12,4,17,29,0,30,10,34,24,24,13,
7,35,24,21,2,3,3,30,12,30,0,7,0,36,27,15,10,
37,30,30,7,12,25,28,3,14,28,34,9,
7,12,37,25,5,36,2,2,14,15,6,27,20,12,20,32,35,34,35,25,16,10,25,0,25,21,35,8,34,13,34,
34,29,0,35,1,19,23,19,20,35,27,8,3,20,8,10,10,24,24,23,7,15,8,4,1,14,29,18,16,
36,19,34,8,26,37,30,1,0,
4,6,18,20,33,20,36,8,3,8,
6,16,5,33,6,8,5,8,21,35,15,8,15,14,
31,4,6,30,27,16,6,10,15,1,14,31,2,31,19,30,8,31,2,11,8,27,29,5,12,29,35,
15,6,17,16,21,7,37,
2,13,1,8,20,9,4,15,12,1,13,19,
4,7,35,36,20,25,0,15,9,18,7,11,12,5,10,2,23,12,19,10,5,16,0,5,3,24,9,9,25,17,29,32,
30,36,22,9,16,24,18,15,13,8,5,8,14,20,26,18,6,4,33,8,10,30,13,0,0,17,5,16,36,32,21,
18,19,13,17,36,22,5,26,26,34,29,29,23,2,0,2,26,11,2,11,6,35,34,12,33,25,1,8,34,31,8,
4,31,21,4,8,10,34,28,35,32,35,26,30,30,12,35,23,8,5,16,26,21,3,
12,8,5,16,28,11,8,8,36,36,36,7,29,5,3,
1,34,30,3,16,19,21,30,35,18,17,20,26,5,5,26,7,15,24,23,20,25,36,
20,28,0,11,31,23,17,17,22,17,32,33,24,21,13,8,19,11,7,6,7,3,8,8,32,31,22,22,36,9,3,37,
23,7,10,30,8,29,25,27,19,2,19,15,15,8,21,8,14,13,35,29,12,27,11,35,
26,27,35,31,11,8,6,27,18,5,11,31,19,15,6,35,26,7,
26,13,7,30,13,18,15,8,32,18,7,8,26,34,32,15,1,1,14,
21,29,8,27,8,3,22,7,2,9,28,33,2,21,28,1,15,13,35,13,12,24,19,24,24,
17,7,21,5,20,29,8,4,
6,8,31,2,36,8,36,26,18,21,10,30,13,
3,28,4,30,28,24,29,15,29,20,
26,37,27,23,33,23,14,11,31,
8,2,4,14,32,13,5,36,21,13,33,19,8,18,37,6,1,15,21,19,8,34,36,37,16,27,14,
30,9,15,5,
25,1,35,16,3,4,16,17,25,18,22,8,12,35,21,9,9,21,28,
6,20,22,23,
7,32,1,9,29,12,20,
28,8,1,37,22,18,20,0,33,17,34,27,9,19,14,23,10,22,12,4,
35,17,27,4,32,13,36,0,22,8,35,32,35,1,37,27,18,
3,21,3,15,11,37,10,24,25,22,10,35,10,0,34,14,21,27,
29,8,11,30,14,17,6,35,14,4,31,13,15,12,0,28,8,
28,8,29,7,26,26,4,8,37,13,19,33,8,19,14,26,4,1,31,16,6,15,
0,18,32,37,8,28,25,22,3,8,0,8,29,21,20,15,3,21,1,10,13,
29,9,13,19,8,3,23,11,31,32,9,10,25,37,7,
11,5,34,32,37,35,8,8,35,5,3,18,8,4,0,26,29,37,13,17,8,
37,24,18,19,5,9,2,28,14,24,33,4,27,8,16,22,8,3,11,15,29,17,19,36,0,24,8,33,2,28,2,11,18,
28,18,8,30,29,21,6,37,3,21,37,14,10,8,20,32,21,28,24,35,1,3,16,16,27,22,30,34,22,
28,11,7,20,8,18,13,8,32,17,5,25,8,26,19,5,17,16,37,3,8,7,24,21,33,
33,8,29,30,8,8,28,5,7,14,28,8,26,29,26,0,37,37,1,23,37,7,28,29,
28,18,28,1,34,30,24,3,16,11,1,23,17,26,9,12,8,9,32,8,36,
9,6,11,8,4,37,17,4,9,13,31,0,13,11,14,
6,21,11,19,20,8,8,19,10,19,10,31,0,35,8,15,12,5,36,8,27,34,28,
17,34,29,36,30,13,
3,21,26,3,11,11,1,12,28,25,31,18,13,30,1,16,33,23,5,3,12,24,24,35,34,34,9,11,33,18,1,25,
34,24,22,4,14,5,12,32,28,10,33,18,25,35,
3,8,20,31,34,37,30,8,23,8,14,10,21,18,13,30,34,15,12,1,30,
9,24,7,34,31,4,19,33,3,34,26,31,28,4,25,13,24,36,18,25,25,
9,10,0,5,32,5,16,29,20,18,4,32,3,21,4,16,37,8,35,8,10,36,18,
13,36,21,17,23,3,14,18,37,3,12,21,7,5,22,32,5,7,31,8,24,29,
18,16,22,4,6,30,3,8,11,12,5,26,4,32,35,14,15,8,15,29,16,28,28,23,1,5,29,12,20,1,
6,25,22,10,35,32,7,16,16,
22,6,26,1,8,26,31,19,
8,28,33,32,10,12,6,17,20,8,
36,33,20,3,3,6,20,4,34,8,6,0,14,26,21,8,5,23,16,16,35,9,8,11,
11,36,31,12,6,30,34,
18,26,37,17,9,32,28,12,10,11,12,16,33,8,14,31,15,12,33,8,27,6,29,28,3,8,34,26,37,29,15,
28,28,17,29,27,37,36,36,2,19,5,8,12,
27,2,11,8,21,9,23,29,33,26,30,34,2,20,8,7,35,25,33,12,31,8,37,19,16,8,8,0,29,1,19,25,
16,24,1,19,23,35,19,0,8,8,12,11,35,18,8,
27,2,18,25,33,22,19,12,16,33,22,25,1,29,36,1,1,14,32,27,
4,19,12,18,13,22,18,2,26,2,33,12,9,16,14,32,30,32,8,17,18,
7,4,15,12,35,34,14,26,19,8,28,22,34,11,25,22,2,20,23,29,37,
16,22,21,26,17,31,14,4,36,3,37,22,37,8,27,23,37,3,20,31,9,18,4,24,31,8,
5,20,2,8,21,23,0,16,26,31,6,14,8,8,34,35,7,24,19,8,29,33,8,33,13,12,
11,31,26,10,6,3,20,20,8,25,35,14,11,9,6,37,7,5,37,6,22,11,16,0,19,19,
37,2,29,0,21,8,22,8,8,14,30,26,18,7,8,
23,9,37,35,35,3,33,14,
15,13,29,22,30,8,24,32,15,18,
33,6,8,8,29,2,29,23,8,17,
35,17,16,9,
0,15,15,11,33,5,37,33,6,
11,35,28,27,35,9,35,35,
5,35,3,26,23,28,8,7,5,8,16,34,34,28,37,1,4,1,28,3,31,35,22,
12,33,13,24,13,27,32,13,16,27,34,15,36,13,23,35,0,3,25,8,7,4,0,31,12,18,35,19,8,10,26,
25,16,19,15,3,14,4,14,
8,30,32,8,3,25,8,29,1,12,17,28,22,0,24,29,8,20,4,4,30,11,5,25,37,29,17,28,
16,2,8,2,18,11,24,0,30,23,32,25,16,34,3,17,30,28,2,22,14,21,28,18,7,11,35,34,37,33,35,31,
14,8,29,37,9,10,23,20,5,3,
6,9,8,8,32,8,31,8,11,8,27,37,36,37,20,16,6,4,25,9,20,19,8,21,
30,16,12,37,
1,18,8,21,27,8,22,16,26,19,27,36,17,31,4,28,24,
22,10,21,35,11,35,19,
2,23,10,32,14,4,37,6,32,22,9,37,1,15,24,9,18,29,6,9,
4,29,32,23,37,36,35,22,21,3,14,15,13,30,10,30,9,32,22,29,29,30,4,32,19,3,7,
28,32,16,29,8,13,12,32,15,33,13,2,8,0,8,10,19,36,26,27,10,6,30,22,36,15,0,0,20,7,
8,32,28,35,31,3,22,34,2,36,2,32,15,10,21,5,21,33,23,9,9,0,26,12,20,29,5,29,11,
9,16,11,23,28,15,14,26,22,15,28,2,19,6,37,29,14,33,24,8,10,32,17,15,
21,7,30,36,12,19,4,35,11,15,
36,8,14,36,31,7,13,26,29,4,21,9,19,8,15,2,6,16,3,8,
16,34,1,13,8,10,26,23,16,28,25,25,31,8,33,34,
28,20,18,6,8,37,13,6,20,0,25,28,3,22,18,26,34,12,
15,30,33,26,16,31,33,23,6,26,8,18,17,1,22,11,34,9,12,17,6,8,29,18,24,8,6,
24,14,12,6,0,23,28,28,9,29,4,36,34,24,8,8,3,
18,10,9,9,37,22,9,0,0,36,1,23,34,9,36,13,24,19,2,15,15,11,35,24,3,28,
12,24,20,13,20,35,23,35,13,4,6,24,9,3,1,29,6,29,18,21,36,2,0,
3,14,6,17,7,20,3,3,16,7,3,21,15,34,24,35,13,
10,35,26,3,19,26,6,37,26,16,33,8,5,15,4,8,8,7,18,17,21,35,32,30,12,29,9,33,11,20,25,11,
36,35,9,3,8,28,32,22,0,33,17,19,18,8,7,12,14,2,23,0,30,15,19,12,26,35,9,8,28,
19,25,25,32,4,36,3,37,9,25,37,1,9,15,23,3,5,15,12,14,18,35,1,1,35,11,22,14,0,1,37,32,30,
23,22,17,6,32,1,31,24,24,5,
20,21,5,0,20,4,4,18,13,19,19,17,10,8,8,1,8,36,3,11,8,19,19,16,34,15,2,37,26,
8,25,32,18,30,8,8,21,9,11,2,28,1,0,11,4,22,0,12,33,8,7,8,23,34,6,31,28,6,9,
3,10,12,11,25,37,6,20,22,6,8,26,20,6,1,6,0,12,28,33,30,
32,35,12,33,21,17,14,33,4,28,2,27,18,23,36,14,24,14,24,36,23,18,24,3,30,14,
0,3,14,22,8,12,10,20,18,14,34,5,12,
36,6,1,0,12,28,2,37,8,
6,19,33,2,30,37,9,7,4,4,28,32,25,1,7,19,24,
10,6,26,19,19,2,8,8,19,25,18,8,4,5,14,27,2,18,27,24,
18,8,14,16,3,22,4,33,34,32,8,29,26,10,11,34,11,12,30,28,30,14,33,15,10,6,0,36,15,3,1,8,26,
14,30,24,31,2,29,25,21,1,19,26,8,36,2,22,6,21,22,8,6,22,8,25,19,17,29,35,15,25,20,8,23,
15,33,17,31,20,17,18,9,30,2,6,32,14,23,27,10,37,11,8,24,18,28,22,0,23,
4,27,0,16,6,16,8,8,15,16,8,26,14,8,18,32,10,26,11,25,29,28,22,13,34,4,13,
35,28,32,30,22,32,26,12,7,2,24,29,
32,24,10,36,16,31,20,30,23,12,16,9,1,22,36,34,17,6,34,27,28,2,25,
10,36,16,28,24,23,23,34,10,8,23,25,23,20,13,37,
29,0,31,14,37,16,12,0,18,20,30,6,30,23,0,14,3,18,21,8,2,20,36,14,20,7,15,28,0,20,30,8,
22,9,3,16,22,19,8,8,35,23,31,
30,29,0,10,13,19,15,8,8,1,18,8,2,27,12,19,
16,29,13,10,33,15,15,37,23,8,1,26,13,5,0,7,29,
0,37,0,27,24,13,32,30,35,16,12,11,4,7,22,35,16,5,3,26,37,30,16,19,29,
25,32,37,12,31,18,16,17,9,8,
12,15,26,13,28,10,32,23,31,12,29,32,0,23,
13,20,6,29,37,20,2,36,30,37,15,24,29,37,27,36,3,8,21,1,15,34,20,
31,36,22,24,5,16,10,
25,2,30,18,23,13,21,3,19,28,24,5,6,19,13,25,22,4,1,
18,26,29,8,9,8,5,35,27,8,23,33,31,26,11,19,32,33,3,17,7,8,
7,31,10,23,19,36,10,23,11,10,13,1,14,12,37,8,33,24,33,5,20,10,37,8,
21,23,36,33,27,29,10,10,22,0,18,7,34,4,27,6,14,14,22,6,
21,29,11,30,36,12,27,
9,12,8,18,3,
8,11,17,18,8,7,8,5,9,16,7,22,8,19,5,37,8,6,3,17,23,31,15,0,31,
30,29,21,35,31,30,13,4,30,16,6,8,8,28,6,4,19,19,30,22,29,18,37,6,10,16,8,27,12,
26,3,11,13,
28,0,26,10,29,6,5,5,27,22,19,8,25,14,4,25,32,9,12,8,4,11,19,27,31,6,9,20,29,33,20,29,8,
21,8,29,8,20,13,30,28,33,16,22,17,3,21,21,34,17,36,9,10,31,23,9,11,18,11,26,
23,18,24,26,25,21,25,22,1,25,29,26,17,36,1,21,12,25,9,32,12,25,3,18,8,26,27,29,
30,22,2,8,8,8,27,15,6,12,5,24,0,18,15,15,23,
16,24,6,17,24,30,2,2,20,2,12,
37,18,27,36,7,5,11,8,8,26,10,31,
28,34,3,28,5,15,6,24,6,18,34,37,8,11,22,4,8,
0,19,35,35,8,11,23,11,15,3,8,3,24,23,8,35,32,30,15,27,0,10,1,2,12,
37,25,14,3,7,37,
28,14,14,28,15,20,31,16,1,25,6,28,13,
16,15,32,23,16,35,27,4,12,6,20,11,8,24,11,3,21,26,20,0,31,34,8,3,28,0,
8,36,8,9,27,20,34,20,14,8,6,4,18,1,29,9,10,8,36,8,31,6,26,16,25,37,33,27,8,24,17,20,4,
0,6,14,18,10,14,1,23,35,34,19,31,5,
37,20,35,17,10,11,29,13,15,7,8,27,3,7,16,
25,25,25,3,6,22,18,6,1,21,35,16,7,31,16,22,32,5,32,
26,18,19,1,23,35,23,2,19,10,29,28,3,30,14,8,9,
17,21,18,15,5,8,23,12,16,12,37,4,0,20,13,22,3,7,36,17,28,21,23,
3,32,3,8,7,18,25,26,1,30,9,1,12,13,37,11,27,5,1,29,4,8,30,2,36,7,14,4,5,10,
22,3,29,17,31,11,34,0,25,16,4,37,8,20,33,
17,22,9,0,24,13,8,23,25,3,10,8,0,8,5,
24,9,23,27,29,2,29,4,8,33,33,22,34,32,33,29,
36,3,34,34,31,0,2,7,4,31,21,12,30,16,7,23,37,0,12,3,21,7,25,32,19,35,33,14,9,19,21,9,20,
12,4,11,35,17,10,
8,14,8,27,13,22,15,31,30,8,33,32,14,13,
10,15,14,37,31,2,19,37,31,30,11,2,31,12,8,37,8,12,4,8,6,10,18,37,
16,27,19,14,37,16,22,15,26,1,34,14,9,8,0,35,32,12,23,14,9,3,19,36,8,22,22,8,22,
7,26,33,27,4,34,22,6,6,0,26,8,14,20,21,15,26,33,32,20,29,9,
14,30,1,4,34,7,20,34,13,31,19,
2,2,2,7,28,
14,1,8,7,34,2,8,8,5,23,4,4,25,23,8,6,29,25,3,37,
20,21,31,8,0,18,24,7,22,
6,31,30,31,11,15,6,34,25,14,11,33,8,
3,14,17,8,28,10,27,18,13,20,5,27,8,1,27,21,34,2,2,31,16,17,35,12,22,31,6,28,9,
2,37,19,20,27,5,28,8,6,26,
5,1,26,35,19,27,19,24,10,20,11,30,22,
17,35,34,6,19,14,18,6,20,0,1,35,19,29,18,36,14,33,16,32,35,25,
37,28,23,34,8,33,12,34,12,37,12,30,35,37,36,31,28,13,35,15,16,22,35,14,6,3,6,29,6,24,12,37,
34,30,35,19,37,24,8,5,15,31,3,37,21,21,27,23,20,18,34,18,17,17,26,7,10,24,33,17,1,32,
8,9,33,31,28,19,29,19,18,36,14,17,9,29,16,28,10,28,0,25,
29,26,22,1,37,24,14,27,29,32,36,34,6,0,2,13,1,30,29,
16,30,37,37,15,7,22,23,24,23,15,4,8,24,21,19,18,33,35,8,10,19,
31,23,8,1,22,4,32,4,4,10,26,34,2,0,28,34,12,35,
28,0,7,5,24,4,9,33,27,37,22,10,3,14,
22,1,12,13,17,22,10,28,1,2,24,9,0,7,9,16,37,8,8,9,15,7,8,5,11,
20,3,7,15,26,19,14,16,
24,8,25,0,21,8,15,2,3,20,24,15,8,11,32,30,8,27,31,35,0,2,6,8,8,34,8,
7,6,7,1,17,3,7,34,31,8,29,29,6,35,21,33,37,6,2,8,21,1,35,32,19,1,29,4,7,23,8,
10,6,17,25,21,20,17,16,14,1,13,4,
12,5,20,10,27,33,15,13,22,1,10,
2,18,22,19,37,18,21,8,37,9,5,
5,1,9,5,33,13,4,16,21,6,9,24,13,13,16,4,13,35,1,34,30,1,18,9,
0,14,16,37,27,22,9,18,16,33,28,5,14,28,15,0,8,33,24,6,2,34,4,3,17,17,
8,8,17,17,7,2,
18,24,27,8,29,13,16,0,
2,1,16,35,5,19,15,9,12,11,1,37,29,33,8,28,18,8,10,5,24,8,
3,13,30,19,7,37,9,23,17,34,3,
8,24,18,4,25,9,0,37,8,8,29,8,20,11,19,29,35,14,0,19,15,21,15,33,8,16,8,8,4,23,26,
28,36,16,8,6,34,9,36,27,31,37,14,7,10,18,13,18,16,4,37,8,27,5,7,28,30,
6,8,5,14,3,12,22,24,
32,34,18,16,0,8,20,10,26,18,30,25,33,3,25,25,19,5,35,
30,18,29,8,14,26,1,29,25,0,22,9,
10,11,28,7,24,8,17,11,8,
34,31,3,28,7,21,32,15,36,8,21,7,29,30,17,28,25,16,8,18,32,30,22,25,23,0,2,7,25,23,
24,8,33,14,21,13,24,36,20,6,11,8,11,23,12,14,5,
21,35,8,30,2,20,24,0,9,17,
11,29,10,32,
5,6,16,3,32,27,5,9,4,7,15,8,7,22,19,12,36,8,1,37,12,2,0,31,14,3,7,1,
31,32,11,8,0,26,9,8,34,12,11,9,10,6,1,23,32,19,34,12,27,24,
12,6,31,34,5,34,12,33,6,31,27,25,22,0,8,8,34,19,21,27,13,13,37,8,6,36,
31,9,27,1,11,30,35,24,26,33,18,4,20,35,
2,6,24,6,24,31,33,6,0,12,3,20,15,19,19,8,2,14,13,31,6,22,11,29,9,8,28,10,
37,29,28,23,29,24,8,24,8,8,16,3,31,7,25,16,13,27,24,13,31,1,22,29,17,19,21,10,20,10,6,8,
29,28,11,1,35,17,19,11,4,7,27,15,26,19,12,
22,1,22,22,14,34,28,31,23,10,11,16,14,12,27,1,22,6,30,20,28,31,
2,33,20,20,21,4,22,12,1,32,33,34,
14,17,4,37,8,0,29,17,5,18,1,26,7,12,13,21,11,23,5,15,29,1,31,
14,5,21,3,20,29,
4,24,0,4,27,8,7,11,5,7,27,13,15,20,10,23,30,29,35,
29,35,28,22,
10,21,26,34,6,27,11,14,27,20,20,16,5,32,26,29,16,18,19,7,17,1,11,13,9,4,28,16,27,21,2,16,5,
8,2,8,6,35,28,17,
3,31,31,22,4,9,26,8,34,31,23,22,36,21,1,23,16,30,26,8,36,34,32,6,10,35,14,0,6,13,32,4,
24,30,4,26,32,37,34,36,36,22,31,26,1,1,13,8,36,0,8,18,3,20,30,23,3,32,3,3,13,36,7,
22,9,20,15,17,30,20,8,10,8,25,10,6,8,22,29,10,28,32,4,30,26,7,4,11,3,8,37,5,35,
36,0,37,19,33,6,7,8,7,21,19,16,1,16,11,33,10,9,20,2,31,8,
21,5,34,0,5,26,36,16,8,19,4,1,19,0,10,23,3,7,30,1,28,27,30,15,
4,16,21,28,7,
8,20,27,32,25,17,12,30,2,35,36,31,13,23,32,
11,12,8,31,35,16,2,33,20,24,
1,22,3,13,9,8,35,23,21,10,35,6,
3,5,33,11,6,25,8,10,0,25,34,35,16,22,13,6,21,31,31,27,29,2,6,17,8,4,11,4,3,16,
11,26,6,7,34,29,33,21,36,29,8,7,13,5,23,23,1,35,10,5,
32,20,34,30,11,6,8,1,25,33,27,6,36,23,26,11,10,21,29,32,36,17,4,3,11,21,6,25,31,27,
35,21,18,27,8,5,11,12,12,21,29,34,
13,36,1,11,7,4,33,6,33,28,31,13,8,31,22,8,30,8,28,8,2,9,1,17,20,28,32,1,26,12,8,11,11,
16,11,35,35,30,1,
22,36,25,23,22,21,13,21,8,27,29,10,7,21,12,7,7,25,27,6,8,
22,2,23,0,6,15,30,15,8,8,5,23,26,19,10,33,30,17,14,30,9,6,
11,6,21,8,22,36,15,16,32,9,27,30,34,25,2,8,18,36,27,23,12,34,12,3,3,27,35,24,34,12,36,4,7,
8,16,22,1,13,14,16,27,13,22,29,34,8,19,13,30,8,25,24,35,29,22,8,32,10,28,24,
29,8,18,4,0,
31,15,37,5,28,0,3,8,26,9,23,5,23,29,14,13,24,31,13,35,36,23,0,19,33,5,0,
19,8,5,14,16,
13,25,28,35,8,5,14,8,9,37,16,23,24,32,14,23,27,34,24,1,30,3,26,20,
21,25,25,13,0,22,11,34,37,24,15,8,4,6,7,19,34,8,27,30,34,8,23,18,11,33,
23,28,6,25,12,33,9,33,28,16,23,11,9,23,0,33,25,14,35,0,23,13,27,9,
27,8,32,27,14,19,12,24,3,18,5,24,16,22,34,16,36,35,22,2,
14,4,3,8,9,11,13,28,29,36,1,3,34,6,10,5,1,22,28,30,
10,4,2,1,30,37,1,35,8,3,27,
12,33,5,23,13,21,10,21,24,0,5,22,15,4,25,34,1,29,11,35,29,5,8,5,35,15,11,34,33,
27,34,2,33,15,34,7,9,18,24,35,18,29,32,17,27,29,34,14,34,8,29,12,10,34,
11,30,18,28,33,22,20,14,15,26,12,11,19,15,18,23,4,29,21,7,8,23,0,
2,5,18,8,16,0,24,17,34,
11,16,7,28,12,9,31,7,9,18,10,27,31,28,32,35,14,17,24,20,2,1,12,29,9,7,16,1,25,6,27,8,17,
21,30,10,17,10,15,
8,36,23,20,8,0,8,31,17,4,30,
20,25,22,12,8,19,17,
14,16,7,8,11,13,3,18,17,
29,14,13,36,21,8,31,16,24,37,3,24,13,3,4,3,14,6,30,25,14,25,4,36,30,
24,13,19,25,32,13,25,9,10,0,2,37,19,3,37,8,
4,28,1,30,37,32,5,18,28,28,2,32,5,36,4,14,29,15,9,
13,2,4,11,6,8,1,7,3,25,16,21,26,11,24,1,12,11,23,30,10,8,2,15,19,5,0,5,24,
27,26,19,8,
10,7,15,26,33,28,4,3,27,30,27,1,25,28,33,27,1,
5,34,23,1,1,8,36,35,25,19,2,14,19,9,3,36,12,
7,7,5,36,8,4,13,1,13,28,5,8,13,9,28,33,28,9,31,24,4,35,4,
28,5,0,4,28,23,14,25,2,4,29,32,11,4,2,3,4,2,
19,34,8,33,20,23,29,19,0,35,11,6,5,4,0,4,33,7,11,31,20,28,35,27,30,34,0,1,23,25,9,15,32,
9,3,8,8,0,16,10,29,22,11,1,11,8,29,25,4,19,26,17,4,17,14,22,28,
14,19,8,9,8,25,12,23,6,
22,34,10,18,19,8,11,15,11,8,25,32,23,12,
8,8,8,8,29,13,2,8,26,32,8,0,25,15,17,9,10,7,
25,3,15,27,22,13,29,36,6,14,37,21,9,9,2,25,
6,33,11,19,
36,26,13,8,9,3,21,21,18,29,15,29,15,3,35,2,34,29,13,2,1,27,1,0,13,9,6,33,0,20,29,8,
26,0,28,29,13,16,34,28,23,0,4,8,23,1,10,33,22,23,19,12,10,18,11,4,
18,13,8,22,16,24,16,13,29,0,31,30,24,35,15,
18,13,11,8,2,27,35,19,32,0,33,30,7,37,8,28,8,14,30,26,8,6,
2,21,25,32,28,7,37,8,20,7,0,15,31,32,8,8,35,6,11,36,6,34,19,29,9,14,0,29,22,3,5,
15,16,31,30,21,32,1,19,33,6,19,20,
19,29,21,28,25,31,14,8,28,25,27,25,15,3,27,29,12,2,7,24,16,11,30,11,24,16,1,31,28,
7,17,30,14,15,25,17,36,27,29,16,32,24,16,36,26,17,2,26,28,20,16,27,9,10,37,8,9,
33,25,1,19,35,
9,2,17,34,34,4,9,36,35,9,12,13,19,32,21,16,32,16,11,36,1,1,17,9,23,32,29,37,14,
11,3,26,33,8,23,11,14,20,31,29,19,23,13,21,11,22,17,20,11,
3,31,29,8,24,9,9,22,21,12,21,21,17,37,31,32,30,34,14,0,34,11,8,8,1,
27,20,29,19,14,25,0,9,18,37,26,4,2,25,6,6,6,34,8,
15,8,12,8,
